0.000000000000000000e+00,-1.499999999999999944e-01
0.000000000000000000e+00,-1.499999999999999944e-01
0.000000000000000000e+00,-1.499999999999999944e-01
0.000000000000000000e+00,-1.499999999999999944e-01
0.000000000000000000e+00,-1.499999999999999944e-01
0.000000000000000000e+00,-1.499999999999999944e-01
0.000000000000000000e+00,-1.499999999999999944e-01
9.329140461215932323e-01,8.141160027952478728e-01
9.329140461215932323e-01,8.141160027952478728e-01
8.141160027952478728e-01,9.329140461215932323e-01
9.329140461215932323e-01,8.141160027952478728e-01
8.141160027952478728e-01,9.329140461215932323e-01
9.329140461215932323e-01,8.141160027952478728e-01
8.141160027952478728e-01,9.329140461215932323e-01
9.329140461215932323e-01,8.141160027952478728e-01
8.141160027952478728e-01,9.329140461215932323e-01
9.329140461215932323e-01,8.141160027952478728e-01
8.141160027952478728e-01,9.329140461215932323e-01
9.329140461215932323e-01,8.141160027952478728e-01
8.141160027952478728e-01,9.329140461215932323e-01
9.329140461215932323e-01,8.141160027952478728e-01
8.141160027952478728e-01,9.329140461215932323e-01
9.329140461215932323e-01,8.141160027952478728e-01
8.141160027952478728e-01,9.329140461215932323e-01
9.326493898361066792e-01,8.143806590807345369e-01
8.141160027952478728e-01,9.329140461215932323e-01
8.141160027952478728e-01,9.329140461215932323e-01
9.329140461215932323e-01,8.141160027952478728e-01
8.141160027952478728e-01,9.329140461215932323e-01
9.329140461215932323e-01,8.141160027952478728e-01
8.141160027952478728e-01,9.329140461215932323e-01
9.329140461215932323e-01,8.141160027952478728e-01
9.329140461215932323e-01,8.141160027952478728e-01
8.141160027952478728e-01,9.329140461215932323e-01
8.141160027952478728e-01,9.329140461215932323e-01
9.329140461215932323e-01,8.141160027952478728e-01
9.329140461215932323e-01,8.141160027952478728e-01
8.141160027952478728e-01,9.329140461215932323e-01
9.329140461215932323e-01,8.141160027952478728e-01
8.141160027952478728e-01,9.329140461215932323e-01
8.141160027952478728e-01,9.329140461215932323e-01
9.329140461215932323e-01,8.141160027952478728e-01
8.141160027952478728e-01,9.329140461215932323e-01
9.329140461215932323e-01,8.141160027952478728e-01
8.141160027952478728e-01,9.329140461215932323e-01
9.329140461215932323e-01,8.141160027952478728e-01
8.141160027952478728e-01,9.329140461215932323e-01
9.329140461215932323e-01,8.141160027952478728e-01
8.141160027952478728e-01,9.329140461215932323e-01
9.329140461215932323e-01,8.141160027952478728e-01
8.141160027952478728e-01,9.329140461215932323e-01
9.329140461215932323e-01,8.141160027952478728e-01
9.329140461215932323e-01,8.141160027952478728e-01
8.141160027952478728e-01,9.329140461215932323e-01
8.141161656562969640e-01,9.329138832605441412e-01
9.329140461215932323e-01,8.141160027952478728e-01
8.141160027952478728e-01,9.329140461215932323e-01
9.329140461215932323e-01,8.141160027952478728e-01
8.141160027952478728e-01,9.329140461215932323e-01
9.329140461215932323e-01,8.141160027952478728e-01
8.141160027952478728e-01,9.329140461215932323e-01
9.329140461215932323e-01,8.141160027952478728e-01
8.141160027952478728e-01,9.329140461215932323e-01
9.329140461215932323e-01,8.141160027952478728e-01
8.141160027952478728e-01,9.329140461215932323e-01
9.329140461215932323e-01,8.141160027952478728e-01
8.141160027952478728e-01,9.329140461215932323e-01
9.329140461215932323e-01,8.141160027952478728e-01
8.141160027952478728e-01,9.329140461215932323e-01
9.329140461215932323e-01,8.141160027952478728e-01
8.141162612486518846e-01,9.329137876681893315e-01
9.329140461215932323e-01,8.141160027952478728e-01
9.329140461215932323e-01,8.141160027952478728e-01
8.141160027952478728e-01,9.329140461215932323e-01
8.141160027952478728e-01,9.329140461215932323e-01
9.329140461215932323e-01,8.141160027952478728e-01
8.141160027952478728e-01,9.329140461215932323e-01
9.329140461215932323e-01,8.141160027952478728e-01
8.141160027952478728e-01,9.329140461215932323e-01
9.329140461215932323e-01,8.141160027952478728e-01
8.141160027952478728e-01,9.329140461215932323e-01
9.329140461215932323e-01,8.141160027952478728e-01
8.141160027952478728e-01,9.329140461215932323e-01
9.329140461215932323e-01,8.141160027952478728e-01
9.329140461215932323e-01,8.141160027952478728e-01
8.141160027952478728e-01,9.329140461215932323e-01
8.141160027952478728e-01,9.329140461215932323e-01
9.329140461215932323e-01,8.141160027952478728e-01
9.329140461215932323e-01,8.141160027952478728e-01
8.141160027952478728e-01,9.329140461215932323e-01
8.141160027952478728e-01,9.329140461215932323e-01
9.329140461215932323e-01,8.141160027952478728e-01
8.141160027952478728e-01,9.329140461215932323e-01
9.329140461215932323e-01,8.141160027952478728e-01
8.141160027952478728e-01,9.329140461215932323e-01
9.329140461215932323e-01,8.141160027952478728e-01
8.141160027952478728e-01,9.329140461215932323e-01
9.329140461215932323e-01,8.141160027952478728e-01
8.141160027952478728e-01,9.329140461215932323e-01
9.329140461215932323e-01,8.141160027952478728e-01
8.141160027952478728e-01,9.329140461215932323e-01
9.329140461215932323e-01,8.141160027952478728e-01
8.141160027952478728e-01,9.329140461215932323e-01
9.329140461215932323e-01,8.141160027952478728e-01
9.329140461215932323e-01,8.141160027952478728e-01
8.141160027952478728e-01,9.329140461215932323e-01
8.141160027952478728e-01,9.329140461215932323e-01
9.329140461215932323e-01,8.141160027952478728e-01
8.141160027952478728e-01,9.329140461215932323e-01
9.329140461215932323e-01,8.141160027952478728e-01
8.141160027952478728e-01,9.329140461215932323e-01
9.329140461215932323e-01,8.141160027952478728e-01
8.141160027952478728e-01,9.329140461215932323e-01
9.329140461215932323e-01,8.141160027952478728e-01
8.141160027952478728e-01,9.329140461215932323e-01
9.329140461215932323e-01,8.141160027952478728e-01
8.141160027952478728e-01,9.329140461215932323e-01
9.329140461215932323e-01,8.141160027952478728e-01
8.141160027952478728e-01,9.329140461215932323e-01
9.329140461215932323e-01,8.141160027952478728e-01
9.329140461215932323e-01,8.141160027952478728e-01
8.141160027952478728e-01,9.329140461215932323e-01
8.141160027952478728e-01,9.329140461215932323e-01
9.329140461215932323e-01,8.141160027952478728e-01
8.141160027952478728e-01,9.329140461215932323e-01
9.329140461215932323e-01,8.141160027952478728e-01
8.141160027952478728e-01,9.329140461215932323e-01
9.329140461215932323e-01,8.141160027952478728e-01
8.141160027952478728e-01,9.329140461215932323e-01
9.329140461215932323e-01,8.141160027952478728e-01
8.141160027952478728e-01,9.329140461215932323e-01
9.329140461215932323e-01,8.141160027952478728e-01
8.141160027952478728e-01,9.329140461215932323e-01
9.329140461215932323e-01,8.141160027952478728e-01
9.329140461215932323e-01,8.141160027952478728e-01
8.141160027952478728e-01,9.329140461215932323e-01
9.329128423660137948e-01,8.141172065508274214e-01
8.141160027952478728e-01,9.329140461215932323e-01
8.141160027952478728e-01,9.329140461215932323e-01
9.329140461215932323e-01,8.141160027952478728e-01
8.141160027952478728e-01,9.329140461215932323e-01
9.329140461215932323e-01,8.141160027952478728e-01
8.141160027952478728e-01,9.329140461215932323e-01
9.329140461215932323e-01,8.141160027952478728e-01
8.141160027952478728e-01,9.329140461215932323e-01
9.329140461215932323e-01,8.141160027952478728e-01
8.141160027952478728e-01,9.329140461215932323e-01
9.329140461215932323e-01,8.141160027952478728e-01
8.141160027952478728e-01,9.329140461215932323e-01
9.329140461215932323e-01,8.141160027952478728e-01
8.141160027952478728e-01,9.329140461215932323e-01
9.329140461215932323e-01,8.141160027952478728e-01
8.141220251136020991e-01,9.329080238032391170e-01
9.329140461215932323e-01,8.141160027952478728e-01
9.329140461215932323e-01,8.141160027952478728e-01
8.141160027952478728e-01,9.329140461215932323e-01
9.329140461215932323e-01,8.141160027952478728e-01
8.141160027952478728e-01,9.329140461215932323e-01
8.141160027952478728e-01,9.329140461215932323e-01
9.329140461215932323e-01,8.141160027952478728e-01
8.141160027952478728e-01,9.329140461215932323e-01
9.329140461215932323e-01,8.141160027952478728e-01
8.141160027952478728e-01,9.329140461215932323e-01
9.329140461215932323e-01,8.141160027952478728e-01
8.141160027952478728e-01,9.329140461215932323e-01
9.329140461215932323e-01,8.141160027952478728e-01
8.141160027952478728e-01,9.329140461215932323e-01
9.329140461215932323e-01,8.141160027952478728e-01
8.141160027952478728e-01,9.329140461215932323e-01
9.329140461215932323e-01,8.141160027952478728e-01
8.141160027952478728e-01,9.329140461215932323e-01
9.329140461215932323e-01,8.141160027952478728e-01
8.141160027952478728e-01,9.329140461215932323e-01
9.329140461215932323e-01,8.141160027952478728e-01
8.141160027952478728e-01,9.329140461215932323e-01
9.329140461215932323e-01,8.141160027952478728e-01
8.141160027952478728e-01,9.329140461215932323e-01
9.329140461215932323e-01,8.141160027952478728e-01
8.141160027952478728e-01,9.329140461215932323e-01
9.329140461215932323e-01,8.141160027952478728e-01
8.141160027952478728e-01,9.329140461215932323e-01
9.329140461215932323e-01,8.141160027952478728e-01
8.141160027952478728e-01,9.329140461215932323e-01
9.329140461215932323e-01,8.141160027952478728e-01
8.141160027952478728e-01,9.329140461215932323e-01
9.329140461215932323e-01,8.141160027952478728e-01
9.329140461215932323e-01,8.141160027952478728e-01
8.141160027952478728e-01,9.329140461215932323e-01
9.329140461215932323e-01,8.141160027952478728e-01
8.141160027952478728e-01,9.329140461215932323e-01
8.141160027952478728e-01,9.329140461215932323e-01
9.329140461215932323e-01,8.141160027952478728e-01
8.141160027952478728e-01,9.329140461215932323e-01
9.329140461215932323e-01,8.141160027952478728e-01
8.141160027952478728e-01,9.329140461215932323e-01
9.329140461215932323e-01,8.141160027952478728e-01
8.141160027952478728e-01,9.329140461215932323e-01
9.329140461215932323e-01,8.141160027952478728e-01
8.141160027952478728e-01,9.329140461215932323e-01
9.329140461215932323e-01,8.141160027952478728e-01
8.141160027952478728e-01,9.329140461215932323e-01
9.329140461215932323e-01,8.141160027952478728e-01
8.141160027952478728e-01,9.329140461215932323e-01
9.329140461215932323e-01,8.141160027952478728e-01
9.329140461215932323e-01,8.141160027952478728e-01
8.141160027952478728e-01,9.329140461215932323e-01
8.141160027952478728e-01,9.329140461215932323e-01
9.329140461215932323e-01,8.141160027952478728e-01
8.141160027952478728e-01,9.329140461215932323e-01
9.329140461215932323e-01,8.141160027952478728e-01
8.141160027952478728e-01,9.329140461215932323e-01
9.329140461215932323e-01,8.141160027952478728e-01
8.141160027952478728e-01,9.329140461215932323e-01
9.329140461215932323e-01,8.141160027952478728e-01
8.141160027952478728e-01,9.329140461215932323e-01
9.329140461215932323e-01,8.141160027952478728e-01
8.141160027952478728e-01,9.329140461215932323e-01
9.329140461215932323e-01,8.141160027952478728e-01
8.141160027952478728e-01,9.329140461215932323e-01
9.329140461215932323e-01,8.141160027952478728e-01
8.141160027952478728e-01,9.329140461215932323e-01
9.329140461215932323e-01,8.141160027952478728e-01
9.329140461215932323e-01,8.141160027952478728e-01
8.141160027952478728e-01,9.329140461215932323e-01
8.141160027952478728e-01,9.329140461215932323e-01
9.329140461215932323e-01,8.141160027952478728e-01
8.141160027952478728e-01,9.329140461215932323e-01
9.329140461215932323e-01,8.141160027952478728e-01
8.141160027952478728e-01,9.329140461215932323e-01
9.329140461215932323e-01,8.141160027952478728e-01
8.141160027952478728e-01,9.329140461215932323e-01
9.329140461215932323e-01,8.141160027952478728e-01
8.141160027952478728e-01,9.329140461215932323e-01
9.329140461215932323e-01,8.141160027952478728e-01
8.359784346040023406e-01,9.110516143128388755e-01
9.329140461215932323e-01,8.141160027952478728e-01
8.141160027952478728e-01,9.329140461215932323e-01
9.329140461215932323e-01,8.141160027952478728e-01
8.141160027952478728e-01,9.329140461215932323e-01
9.329140461215932323e-01,8.141160027952478728e-01
8.141160027952478728e-01,9.329140461215932323e-01
9.329140461215932323e-01,8.141160027952478728e-01
8.141160027952478728e-01,9.329140461215932323e-01
9.329140461215932323e-01,8.141160027952478728e-01
8.141160027952478728e-01,9.329140461215932323e-01
9.329140461215932323e-01,8.141160027952478728e-01
8.141160027952478728e-01,9.329140461215932323e-01
9.329140461215932323e-01,8.141160027952478728e-01
8.141160027952478728e-01,9.329140461215932323e-01
9.329140461215932323e-01,8.141160027952478728e-01
8.141160027952478728e-01,9.329140461215932323e-01
9.329140461215932323e-01,8.141160027952478728e-01
8.141160027952478728e-01,9.329140461215932323e-01
9.329140461215932323e-01,8.141160027952478728e-01
8.141160027952478728e-01,9.329140461215932323e-01
9.329140461215932323e-01,8.141160027952478728e-01
8.141160027952478728e-01,9.329140461215932323e-01
9.329140461215932323e-01,8.141160027952478728e-01
8.141160027952478728e-01,9.329140461215932323e-01
9.329140461215932323e-01,8.141160027952478728e-01
8.141160027952478728e-01,9.329140461215932323e-01
9.329140461215932323e-01,8.141160027952478728e-01
8.141160027952478728e-01,9.329140461215932323e-01
9.329140461215932323e-01,8.141160027952478728e-01
8.141160027952478728e-01,9.329140461215932323e-01
9.329140461215932323e-01,8.141160027952478728e-01
8.141160027952478728e-01,9.329140461215932323e-01
9.329140461215932323e-01,8.141160027952478728e-01
8.141160027952478728e-01,9.329140461215932323e-01
9.329140461215932323e-01,8.141160027952478728e-01
8.141160027952478728e-01,9.329140461215932323e-01
9.329140461215932323e-01,8.141160027952478728e-01
8.141160027952478728e-01,9.329140461215932323e-01
9.329140461215932323e-01,8.141160027952478728e-01
8.141160027952478728e-01,9.329140461215932323e-01
9.329140461215932323e-01,8.141160027952478728e-01
8.141160027952478728e-01,9.329140461215932323e-01
9.329140461215932323e-01,8.141160027952478728e-01
8.141160027952478728e-01,9.329140461215932323e-01
9.329140461215932323e-01,8.141160027952478728e-01
8.141160027952478728e-01,9.329140461215932323e-01
9.329140461215932323e-01,8.141160027952478728e-01
8.141160027952478728e-01,9.329140461215932323e-01
9.329140461215932323e-01,8.141160027952478728e-01
8.141160027952478728e-01,9.329140461215932323e-01
9.329140461215932323e-01,8.141160027952478728e-01
8.141160027952478728e-01,9.329140461215932323e-01
9.329140461215932323e-01,8.141160027952478728e-01
8.141160027952478728e-01,9.329140461215932323e-01
9.329140461215932323e-01,8.141160027952478728e-01
8.141160027952478728e-01,9.329140461215932323e-01
9.329140461215932323e-01,8.141160027952478728e-01
8.141160027952478728e-01,9.329140461215932323e-01
9.329140461215932323e-01,8.141160027952478728e-01
8.141160027952478728e-01,9.329140461215932323e-01
8.141160027952478728e-01,9.329140461215932323e-01
9.329140461215932323e-01,8.141160027952478728e-01
9.329140461215932323e-01,8.141160027952478728e-01
8.141160027952478728e-01,9.329140461215932323e-01
9.329140461215932323e-01,8.141160027952478728e-01
8.141160027952478728e-01,9.329140461215932323e-01
9.329140461215932323e-01,8.141160027952478728e-01
8.141160027952478728e-01,9.329140461215932323e-01
9.329140461215932323e-01,8.141160027952478728e-01
8.141160027952478728e-01,9.329140461215932323e-01
9.329140461215932323e-01,8.141160027952478728e-01
8.141160027952478728e-01,9.329140461215932323e-01
9.329140461215932323e-01,8.141160027952478728e-01
8.141160027952478728e-01,9.329140461215932323e-01
9.329140461215932323e-01,8.141160027952478728e-01
8.141160027952478728e-01,9.329140461215932323e-01
8.141160027952478728e-01,9.329140461215932323e-01
9.329140461215932323e-01,8.141160027952478728e-01
9.329140461215932323e-01,8.141160027952478728e-01
8.141160027952478728e-01,9.329140461215932323e-01
9.329140461215932323e-01,8.141160027952478728e-01
8.141160027952478728e-01,9.329140461215932323e-01
9.329140461215932323e-01,8.141160027952478728e-01
8.141160027952478728e-01,9.329140461215932323e-01
9.329140461215932323e-01,8.141160027952478728e-01
8.141160027952478728e-01,9.329140461215932323e-01
9.329140461215932323e-01,8.141160027952478728e-01
8.141160027952478728e-01,9.329140461215932323e-01
9.329140461215932323e-01,8.141160027952478728e-01
8.141160027952478728e-01,9.329140461215932323e-01
9.329140461215932323e-01,8.141160027952478728e-01
8.141160027952478728e-01,9.329140461215932323e-01
9.329140425811356385e-01,8.141160063357055776e-01
8.141160027952478728e-01,9.329140461215932323e-01
8.141160027952478728e-01,9.329140461215932323e-01
9.329140461215932323e-01,8.141160027952478728e-01
9.329140461215932323e-01,8.141160027952478728e-01
8.141160027952478728e-01,9.329140461215932323e-01
9.329140461215932323e-01,8.141160027952478728e-01
8.141160027952478728e-01,9.329140461215932323e-01
9.329140461215932323e-01,8.141160027952478728e-01
8.141160027952478728e-01,9.329140461215932323e-01
9.329140461215932323e-01,8.141160027952478728e-01
8.141160027952478728e-01,9.329140461215932323e-01
9.329140461215932323e-01,8.141160027952478728e-01
8.141160027952478728e-01,9.329140461215932323e-01
9.329140461215932323e-01,8.141160027952478728e-01
8.141160027952478728e-01,9.329140461215932323e-01
8.141160027952478728e-01,9.329140461215932323e-01
9.329140461215932323e-01,8.141160027952478728e-01
8.141160027952478728e-01,9.329140461215932323e-01
9.329140461215932323e-01,8.141160027952478728e-01
8.141160027952478728e-01,9.329140461215932323e-01
9.329140461215932323e-01,8.141160027952478728e-01
9.329140461215932323e-01,8.141160027952478728e-01
8.141160027952478728e-01,9.329140461215932323e-01
9.329140461215932323e-01,8.141160027952478728e-01
8.141160027952478728e-01,9.329140461215932323e-01
9.329140461215932323e-01,8.141160027952478728e-01
8.141160027952478728e-01,9.329140461215932323e-01
9.329140461215932323e-01,8.141160027952478728e-01
8.141160027952478728e-01,9.329140461215932323e-01
9.329140461215932323e-01,8.141160027952478728e-01
8.141160027952478728e-01,9.329140461215932323e-01
9.329140461215932323e-01,8.141160027952478728e-01
8.141160027952478728e-01,9.329140461215932323e-01
8.141572668284156045e-01,9.328727820884255006e-01
9.329140461215932323e-01,8.141160027952478728e-01
9.329140461215932323e-01,8.141160027952478728e-01
8.141160027952478728e-01,9.329140461215932323e-01
9.329140461215932323e-01,8.141160027952478728e-01
8.141160027952478728e-01,9.329140461215932323e-01
9.329140461215932323e-01,8.141160027952478728e-01
8.141160027952478728e-01,9.329140461215932323e-01
9.329140461215932323e-01,8.141160027952478728e-01
8.141160027952478728e-01,9.329140461215932323e-01
9.329140461215932323e-01,8.141160027952478728e-01
8.141160027952478728e-01,9.329140461215932323e-01
9.329140461215932323e-01,8.141160027952478728e-01
8.141160027952478728e-01,9.329140461215932323e-01
9.329140461215932323e-01,8.141160027952478728e-01
8.141160027952478728e-01,9.329140461215932323e-01
8.141160027952478728e-01,9.329140461215932323e-01
9.329140461215932323e-01,8.141160027952478728e-01
8.141160027952478728e-01,9.329140461215932323e-01
9.329140461215932323e-01,8.141160027952478728e-01
9.329140461215932323e-01,8.141160027952478728e-01
8.141160027952478728e-01,9.329140461215932323e-01
9.329140461215932323e-01,8.141160027952478728e-01
8.141160027952478728e-01,9.329140461215932323e-01
9.329140461215932323e-01,8.141160027952478728e-01
8.141160027952478728e-01,9.329140461215932323e-01
9.329140461215932323e-01,8.141160027952478728e-01
8.141160027952478728e-01,9.329140461215932323e-01
9.329140461215932323e-01,8.141160027952478728e-01
8.141160027952478728e-01,9.329140461215932323e-01
9.329140461215932323e-01,8.141160027952478728e-01
8.141160027952478728e-01,9.329140461215932323e-01
8.141160027952478728e-01,9.329140461215932323e-01
9.329140461215932323e-01,8.141160027952478728e-01
8.141160027952478728e-01,9.329140461215932323e-01
9.329140461215932323e-01,8.141160027952478728e-01
8.142016818688350144e-01,9.328283670480062018e-01
9.329140461215932323e-01,8.141160027952478728e-01
9.329140461215932323e-01,8.141160027952478728e-01
8.141160027952478728e-01,9.329140461215932323e-01
9.329140461215932323e-01,8.141160027952478728e-01
8.141160027952478728e-01,9.329140461215932323e-01
9.329140461215932323e-01,8.141160027952478728e-01
8.141160027952478728e-01,9.329140461215932323e-01
9.329140461215932323e-01,8.141160027952478728e-01
8.141160027952478728e-01,9.329140461215932323e-01
9.329140461215932323e-01,8.141160027952478728e-01
8.141160027952478728e-01,9.329140461215932323e-01
9.329140461215932323e-01,8.141160027952478728e-01
8.141160027952478728e-01,9.329140461215932323e-01
9.329140461215932323e-01,8.141160027952478728e-01
8.141160027952478728e-01,9.329140461215932323e-01
8.141160027952478728e-01,9.329140461215932323e-01
9.329140461215932323e-01,8.141160027952478728e-01
9.329140461215932323e-01,8.141160027952478728e-01
8.141160027952478728e-01,9.329140461215932323e-01
9.329140461215932323e-01,8.141160027952478728e-01
8.141160027952478728e-01,9.329140461215932323e-01
9.329140461215932323e-01,8.141160027952478728e-01
8.141160027952478728e-01,9.329140461215932323e-01
9.329140461215932323e-01,8.141160027952478728e-01
8.141160027952478728e-01,9.329140461215932323e-01
9.329140461215932323e-01,8.141160027952478728e-01
8.141160027952478728e-01,9.329140461215932323e-01
9.329140461215932323e-01,8.141160027952478728e-01
8.141160027952478728e-01,9.329140461215932323e-01
8.141160027952478728e-01,9.329140461215932323e-01
9.329140461215932323e-01,8.141160027952478728e-01
8.141160027952478728e-01,9.329140461215932323e-01
9.329140461215932323e-01,8.141160027952478728e-01
9.329140461215932323e-01,8.141160027952478728e-01
8.141160027952478728e-01,9.329140461215932323e-01
9.329140461215932323e-01,8.141160027952478728e-01
8.141160027952478728e-01,9.329140461215932323e-01
9.329140461215932323e-01,8.141160027952478728e-01
8.141160027952478728e-01,9.329140461215932323e-01
9.329140461215932323e-01,8.141160027952478728e-01
8.141160027952478728e-01,9.329140461215932323e-01
9.329140461215932323e-01,8.141160027952478728e-01
8.141160027952478728e-01,9.329140461215932323e-01
9.329140461215932323e-01,8.141160027952478728e-01
8.141160027952478728e-01,9.329140461215932323e-01
9.329140461215932323e-01,8.141160027952478728e-01
8.141160027952478728e-01,9.329140461215932323e-01
8.141160027952478728e-01,9.329140461215932323e-01
9.329140461215932323e-01,8.141160027952478728e-01
8.141160027952478728e-01,9.329140461215932323e-01
9.329140461215932323e-01,8.141160027952478728e-01
9.329140461215932323e-01,8.141160027952478728e-01
8.141160027952478728e-01,9.329140461215932323e-01
9.329140461215932323e-01,8.141160027952478728e-01
8.141160027952478728e-01,9.329140461215932323e-01
9.329140461215932323e-01,8.141160027952478728e-01
8.141160027952478728e-01,9.329140461215932323e-01
9.329140461215932323e-01,8.141160027952478728e-01
8.141160027952478728e-01,9.329140461215932323e-01
9.329140461215932323e-01,8.141160027952478728e-01
8.141160027952478728e-01,9.329140461215932323e-01
9.329140461215932323e-01,8.141160027952478728e-01
8.141160027952478728e-01,9.329140461215932323e-01
8.141160027952478728e-01,9.329140461215932323e-01
9.329140461215932323e-01,8.141160027952478728e-01
9.329140461215932323e-01,8.141160027952478728e-01
8.141160027952478728e-01,9.329140461215932323e-01
9.329140461215932323e-01,8.141160027952478728e-01
8.141160027952478728e-01,9.329140461215932323e-01
9.329140461215932323e-01,8.141160027952478728e-01
8.141160027952478728e-01,9.329140461215932323e-01
9.329140461215932323e-01,8.141160027952478728e-01
8.141160027952478728e-01,9.329140461215932323e-01
9.329140461215932323e-01,8.141160027952478728e-01
8.141160027952478728e-01,9.329140461215932323e-01
9.329140461215932323e-01,8.141160027952478728e-01
8.141160027952478728e-01,9.329140461215932323e-01
9.329140461215932323e-01,8.141160027952478728e-01
8.141160027952478728e-01,9.329140461215932323e-01
8.141160027952478728e-01,9.329140461215932323e-01
9.329140461215932323e-01,8.141160027952478728e-01
8.141160027952478728e-01,9.329140461215932323e-01
9.329140461215932323e-01,8.141160027952478728e-01
8.141160027952478728e-01,9.329140461215932323e-01
9.329140461215932323e-01,8.141160027952478728e-01
9.329140461215932323e-01,8.141160027952478728e-01
8.141160027952478728e-01,9.329140461215932323e-01
9.329140461215932323e-01,8.141160027952478728e-01
8.141160027952478728e-01,9.329140461215932323e-01
9.329140461215932323e-01,8.141160027952478728e-01
8.141160027952478728e-01,9.329140461215932323e-01
9.329140461215932323e-01,8.141160027952478728e-01
8.141160027952478728e-01,9.329140461215932323e-01
9.329140461215932323e-01,8.141160027952478728e-01
8.141160027952478728e-01,9.329140461215932323e-01
9.329140461215932323e-01,8.141160027952478728e-01
8.141160027952478728e-01,9.329140461215932323e-01
9.329140461215932323e-01,8.141160027952478728e-01
8.141160027952478728e-01,9.329140461215932323e-01
8.141160027952478728e-01,9.329140461215932323e-01
9.329140461215932323e-01,8.141160027952478728e-01
9.329140461215932323e-01,8.141160027952478728e-01
8.141160027952478728e-01,9.329140461215932323e-01
9.329140461215932323e-01,8.141160027952478728e-01
8.141160027952478728e-01,9.329140461215932323e-01
9.329140461215932323e-01,8.141160027952478728e-01
8.141160027952478728e-01,9.329140461215932323e-01
9.329140461215932323e-01,8.141160027952478728e-01
8.141160027952478728e-01,9.329140461215932323e-01
9.329140461215932323e-01,8.141160027952478728e-01
8.141160027952478728e-01,9.329140461215932323e-01
9.329140461215932323e-01,8.141160027952478728e-01
8.141160027952478728e-01,9.329140461215932323e-01
8.141160027952478728e-01,9.329140461215932323e-01
9.329140461215932323e-01,8.141160027952478728e-01
8.141160027952478728e-01,9.329140461215932323e-01
9.329140461215932323e-01,8.141160027952478728e-01
9.329140461215932323e-01,8.141160027952478728e-01
8.141160027952478728e-01,9.329140461215932323e-01
9.329140461215932323e-01,8.141160027952478728e-01
8.141160027952478728e-01,9.329140461215932323e-01
9.329140461215932323e-01,8.141160027952478728e-01
8.141160027952478728e-01,9.329140461215932323e-01
9.329140461215932323e-01,8.141160027952478728e-01
8.141160027952478728e-01,9.329140461215932323e-01
9.329140461215932323e-01,8.141160027952478728e-01
8.141160027952478728e-01,9.329140461215932323e-01
9.329140461215932323e-01,8.141160027952478728e-01
8.141160027952478728e-01,9.329140461215932323e-01
8.141160027952478728e-01,9.329140461215932323e-01
9.329140461215932323e-01,8.141160027952478728e-01
9.329140461215932323e-01,8.141160027952478728e-01
8.141160027952478728e-01,9.329140461215932323e-01
8.141160027952478728e-01,9.329140461215932323e-01
9.329140461215932323e-01,8.141160027952478728e-01
9.329140461215932323e-01,8.141160027952478728e-01
8.141160027952478728e-01,9.329140461215932323e-01
9.329140461215932323e-01,8.141160027952478728e-01
8.141160027952478728e-01,9.329140461215932323e-01
9.329140461215932323e-01,8.141160027952478728e-01
8.141160027952478728e-01,9.329140461215932323e-01
9.329140461215932323e-01,8.141160027952478728e-01
8.141160027952478728e-01,9.329140461215932323e-01
9.329140461215932323e-01,8.141160027952478728e-01
8.141160027952478728e-01,9.329140461215932323e-01
9.329140425811356385e-01,8.141160063357055776e-01
8.141160027952478728e-01,9.329140461215932323e-01
8.141160027952478728e-01,9.329140461215932323e-01
9.329140461215932323e-01,8.141160027952478728e-01
9.329139576101534992e-01,8.141160913066876059e-01
8.141160027952478728e-01,9.329140461215932323e-01
9.329140461215932323e-01,8.141160027952478728e-01
8.141160027952478728e-01,9.329140461215932323e-01
9.311544457821474552e-01,8.158756031346936499e-01
8.141160027952478728e-01,9.329140461215932323e-01
9.329140461215932323e-01,8.141160027952478728e-01
8.141160027952478728e-01,9.329140461215932323e-01
9.329140461215932323e-01,8.141160027952478728e-01
8.141160027952478728e-01,9.329140461215932323e-01
9.329140461215932323e-01,8.141160027952478728e-01
8.141160027952478728e-01,9.329140461215932323e-01
9.329140461215932323e-01,8.141160027952478728e-01
8.141160027952478728e-01,9.329140461215932323e-01
8.141160027952478728e-01,9.329140461215932323e-01
9.329140461215932323e-01,8.141160027952478728e-01
8.141160027952478728e-01,9.329140461215932323e-01
9.329140461215932323e-01,8.141160027952478728e-01
8.141160027952478728e-01,9.329140461215932323e-01
9.329140461215932323e-01,8.141160027952478728e-01
9.329140461215932323e-01,8.141160027952478728e-01
8.141160027952478728e-01,9.329140461215932323e-01
9.329140461215932323e-01,8.141160027952478728e-01
8.141160027952478728e-01,9.329140461215932323e-01
9.329140461215932323e-01,8.141160027952478728e-01
8.141160027952478728e-01,9.329140461215932323e-01
9.329140461215932323e-01,8.141160027952478728e-01
8.141160027952478728e-01,9.329140461215932323e-01
9.329140461215932323e-01,8.141160027952478728e-01
8.141160027952478728e-01,9.329140461215932323e-01
9.329140461215932323e-01,8.141160027952478728e-01
8.141160027952478728e-01,9.329140461215932323e-01
9.329140461215932323e-01,8.141160027952478728e-01
8.141160027952478728e-01,9.329140461215932323e-01
8.141160027952478728e-01,9.329140461215932323e-01
9.329140461215932323e-01,8.141160027952478728e-01
9.329140461215932323e-01,8.141160027952478728e-01
8.141160027952478728e-01,9.329140461215932323e-01
9.329140461215932323e-01,8.141160027952478728e-01
8.141160027952478728e-01,9.329140461215932323e-01
9.329140461215932323e-01,8.141160027952478728e-01
8.141160027952478728e-01,9.329140461215932323e-01
9.329140461215932323e-01,8.141160027952478728e-01
8.141160027952478728e-01,9.329140461215932323e-01
9.329140461215932323e-01,8.141160027952478728e-01
8.141160027952478728e-01,9.329140461215932323e-01
9.329140461215932323e-01,8.141160027952478728e-01
8.141160027952478728e-01,9.329140461215932323e-01
8.141160027952478728e-01,9.329140461215932323e-01
9.329140461215932323e-01,8.141160027952478728e-01
8.141160027952478728e-01,9.329140461215932323e-01
9.329140461215932323e-01,8.141160027952478728e-01
9.329140461215932323e-01,8.141160027952478728e-01
8.141160027952478728e-01,9.329140461215932323e-01
9.329140461215932323e-01,8.141160027952478728e-01
8.141160027952478728e-01,9.329140461215932323e-01
9.329140461215932323e-01,8.141160027952478728e-01
8.141160027952478728e-01,9.329140461215932323e-01
9.329140461215932323e-01,8.141160027952478728e-01
8.141160027952478728e-01,9.329140461215932323e-01
9.329140461215932323e-01,8.141160027952478728e-01
8.141160027952478728e-01,9.329140461215932323e-01
9.329140461215932323e-01,8.141160027952478728e-01
8.141160027952478728e-01,9.329140461215932323e-01
8.141160027952478728e-01,9.329140461215932323e-01
9.329140461215932323e-01,8.141160027952478728e-01
8.141160027952478728e-01,9.329140461215932323e-01
9.329140461215932323e-01,8.141160027952478728e-01
9.040523066877235170e-01,8.429777422291176991e-01
8.141160027952478728e-01,9.329140461215932323e-01
9.329140461215932323e-01,8.141160027952478728e-01
8.141160027952478728e-01,9.329140461215932323e-01
9.329140461215932323e-01,8.141160027952478728e-01
8.141160027952478728e-01,9.329140461215932323e-01
9.329140461215932323e-01,8.141160027952478728e-01
8.141160027952478728e-01,9.329140461215932323e-01
9.329140461215932323e-01,8.141160027952478728e-01
8.141160027952478728e-01,9.329140461215932323e-01
9.329140461215932323e-01,8.141160027952478728e-01
8.141160027952478728e-01,9.329140461215932323e-01
9.329140461215932323e-01,8.141160027952478728e-01
8.141160027952478728e-01,9.329140461215932323e-01
9.329140461215932323e-01,8.141160027952478728e-01
8.141160027952478728e-01,9.329140461215932323e-01
9.329140461215932323e-01,8.141160027952478728e-01
8.141160027952478728e-01,9.329140461215932323e-01
9.329140461215932323e-01,8.141160027952478728e-01
8.141160027952478728e-01,9.329140461215932323e-01
9.329140461215932323e-01,8.141160027952478728e-01
8.141160027952478728e-01,9.329140461215932323e-01
9.329140461215932323e-01,8.141160027952478728e-01
8.141160027952478728e-01,9.329140461215932323e-01
9.329140461215932323e-01,8.141160027952478728e-01
9.329140461215932323e-01,8.141160027952478728e-01
8.141160027952478728e-01,9.329140461215932323e-01
8.141160027952478728e-01,9.329140461215932323e-01
9.329140461215932323e-01,8.141160027952478728e-01
8.141160027952478728e-01,9.329140461215932323e-01
9.329140461215932323e-01,8.141160027952478728e-01
8.141160027952478728e-01,9.329140461215932323e-01
9.329140461215932323e-01,8.141160027952478728e-01
8.141160027952478728e-01,9.329140461215932323e-01
9.329140461215932323e-01,8.141160027952478728e-01
8.141160027952478728e-01,9.329140461215932323e-01
9.329140461215932323e-01,8.141160027952478728e-01
8.141160027952478728e-01,9.329140461215932323e-01
9.329140461215932323e-01,8.141160027952478728e-01
8.141160027952478728e-01,9.329140461215932323e-01
9.329140461215932323e-01,8.141160027952478728e-01
9.329140461215932323e-01,8.141160027952478728e-01
8.141160027952478728e-01,9.329140461215932323e-01
9.329140461215932323e-01,8.141160027952478728e-01
8.141160027952478728e-01,9.329140461215932323e-01
8.141160027952478728e-01,9.329140461215932323e-01
9.329140461215932323e-01,8.141160027952478728e-01
8.141160027952478728e-01,9.329140461215932323e-01
9.329140461215932323e-01,8.141160027952478728e-01
8.141160027952478728e-01,9.329140461215932323e-01
9.329140461215932323e-01,8.141160027952478728e-01
8.141160027952478728e-01,9.329140461215932323e-01
9.329140461215932323e-01,8.141160027952478728e-01
8.141160027952478728e-01,9.329140461215932323e-01
9.329140461215932323e-01,8.141160027952478728e-01
9.329140461215932323e-01,8.141160027952478728e-01
8.141160027952478728e-01,9.329140461215932323e-01
9.329140461215932323e-01,8.141160027952478728e-01
8.141160027952478728e-01,9.329140461215932323e-01
9.329140461215932323e-01,8.141160027952478728e-01
8.141160027952478728e-01,9.329140461215932323e-01
8.141160027952478728e-01,9.329140461215932323e-01
9.329140461215932323e-01,8.141160027952478728e-01
8.141160027952478728e-01,9.329140461215932323e-01
9.329140461215932323e-01,8.141160027952478728e-01
8.141160027952478728e-01,9.329140461215932323e-01
9.329140461215932323e-01,8.141160027952478728e-01
8.141160027952478728e-01,9.329140461215932323e-01
9.329140461215932323e-01,8.141160027952478728e-01
8.141160027952478728e-01,9.329140461215932323e-01
9.329140461215932323e-01,8.141160027952478728e-01
8.141160027952478728e-01,9.329140461215932323e-01
9.329140461215932323e-01,8.141160027952478728e-01
9.329140461215932323e-01,8.141160027952478728e-01
8.141160027952478728e-01,9.329140461215932323e-01
9.329140461215932323e-01,8.141160027952478728e-01
8.141160027952478728e-01,9.329140461215932323e-01
8.141160027952478728e-01,9.329140461215932323e-01
9.329140461215932323e-01,8.141160027952478728e-01
8.141160027952478728e-01,9.329140461215932323e-01
9.329140461215932323e-01,8.141160027952478728e-01
8.141160027952478728e-01,9.329140461215932323e-01
9.329140461215932323e-01,8.141160027952478728e-01
8.141160027952478728e-01,9.329140461215932323e-01
9.329140461215932323e-01,8.141160027952478728e-01
8.141160027952478728e-01,9.329140461215932323e-01
9.329140461215932323e-01,8.141160027952478728e-01
8.141160027952478728e-01,9.329140461215932323e-01
9.329140461215932323e-01,8.141160027952478728e-01
9.328201992123548170e-01,8.142098497044863992e-01
8.141160027952478728e-01,9.329140461215932323e-01
9.329140461215932323e-01,8.141160027952478728e-01
8.141160027952478728e-01,9.329140461215932323e-01
8.141160027952478728e-01,9.329140461215932323e-01
9.329140461215932323e-01,8.141160027952478728e-01
8.141160027952478728e-01,9.329140461215932323e-01
9.329140461215932323e-01,8.141160027952478728e-01
8.141160027952478728e-01,9.329140461215932323e-01
9.329140461215932323e-01,8.141160027952478728e-01
8.141160027952478728e-01,9.329140461215932323e-01
9.329140461215932323e-01,8.141160027952478728e-01
8.141160027952478728e-01,9.329140461215932323e-01
9.329140461215932323e-01,8.141160027952478728e-01
8.141160027952478728e-01,9.329140461215932323e-01
9.329140461215932323e-01,8.141160027952478728e-01
9.329140461215932323e-01,8.141160027952478728e-01
8.141160027952478728e-01,9.329140461215932323e-01
9.329140461215932323e-01,8.141160027952478728e-01
8.141160027952478728e-01,9.329140461215932323e-01
9.329140461215932323e-01,8.141160027952478728e-01
8.141160027952478728e-01,9.329140461215932323e-01
8.141160027952478728e-01,9.329140461215932323e-01
9.329140461215932323e-01,8.141160027952478728e-01
8.141160027952478728e-01,9.329140461215932323e-01
9.329140461215932323e-01,8.141160027952478728e-01
8.141160027952478728e-01,9.329140461215932323e-01
9.329140461215932323e-01,8.141160027952478728e-01
8.141160027952478728e-01,9.329140461215932323e-01
9.329140461215932323e-01,8.141160027952478728e-01
8.141160027952478728e-01,9.329140461215932323e-01
9.329140461215932323e-01,8.141160027952478728e-01
8.141160027952478728e-01,9.329140461215932323e-01
9.329140461215932323e-01,8.141160027952478728e-01
9.329140461215932323e-01,8.141160027952478728e-01
8.141160027952478728e-01,9.329140461215932323e-01
9.329140461215932323e-01,8.141160027952478728e-01
8.141160027952478728e-01,9.329140461215932323e-01
9.329140461215932323e-01,8.141160027952478728e-01
8.141160027952478728e-01,9.329140461215932323e-01
8.141160027952478728e-01,9.329140461215932323e-01
9.329140461215932323e-01,8.141160027952478728e-01
8.141160027952478728e-01,9.329140461215932323e-01
9.329140461215932323e-01,8.141160027952478728e-01
8.141160027952478728e-01,9.329140461215932323e-01
9.329140461215932323e-01,8.141160027952478728e-01
8.141160027952478728e-01,9.329140461215932323e-01
9.329140461215932323e-01,8.141160027952478728e-01
8.141160027952478728e-01,9.329140461215932323e-01
9.329140461215932323e-01,8.141160027952478728e-01
9.329140425811356385e-01,8.141160063357055776e-01
8.141160027952478728e-01,9.329140461215932323e-01
9.329140461215932323e-01,8.141160027952478728e-01
8.141160027952478728e-01,9.329140461215932323e-01
8.141216002586918465e-01,9.329084486581493696e-01
9.329140461215932323e-01,8.141160027952478728e-01
8.141160027952478728e-01,9.329140461215932323e-01
9.329140461215932323e-01,8.141160027952478728e-01
8.141160027952478728e-01,9.329140461215932323e-01
9.329140461215932323e-01,8.141160027952478728e-01
8.141160027952478728e-01,9.329140461215932323e-01
9.329140461215932323e-01,8.141160027952478728e-01
8.141160027952478728e-01,9.329140461215932323e-01
9.329140461215932323e-01,8.141160027952478728e-01
8.141160027952478728e-01,9.329140461215932323e-01
9.329140461215932323e-01,8.141160027952478728e-01
9.329140461215932323e-01,8.141160027952478728e-01
8.141160027952478728e-01,9.329140461215932323e-01
9.329140461215932323e-01,8.141160027952478728e-01
8.141160027952478728e-01,9.329140461215932323e-01
9.329140461215932323e-01,8.141160027952478728e-01
8.141160027952478728e-01,9.329140461215932323e-01
8.143733338739885808e-01,9.326567150428526354e-01
9.329140461215932323e-01,8.141160027952478728e-01
8.141160027952478728e-01,9.329140461215932323e-01
9.329140461215932323e-01,8.141160027952478728e-01
8.141160027952478728e-01,9.329140461215932323e-01
9.329140461215932323e-01,8.141160027952478728e-01
8.141160027952478728e-01,9.329140461215932323e-01
9.329140461215932323e-01,8.141160027952478728e-01
8.141160027952478728e-01,9.329140461215932323e-01
9.329140461215932323e-01,8.141160027952478728e-01
8.141160027952478728e-01,9.329140461215932323e-01
9.329140461215932323e-01,8.141160027952478728e-01
8.141160027952478728e-01,9.329140461215932323e-01
9.329140461215932323e-01,8.141160027952478728e-01
9.329140461215932323e-01,8.141160027952478728e-01
8.141160027952478728e-01,9.329140461215932323e-01
9.329140461215932323e-01,8.141160027952478728e-01
8.141160027952478728e-01,9.329140461215932323e-01
8.141160027952478728e-01,9.329140461215932323e-01
9.329140461215932323e-01,8.141160027952478728e-01
8.141160027952478728e-01,9.329140461215932323e-01
9.329140461215932323e-01,8.141160027952478728e-01
8.141160027952478728e-01,9.329140461215932323e-01
9.329140461215932323e-01,8.141160027952478728e-01
8.141160027952478728e-01,9.329140461215932323e-01
9.329140461215932323e-01,8.141160027952478728e-01
9.329140461215932323e-01,8.141160027952478728e-01
8.141160027952478728e-01,9.329140461215932323e-01
8.176928952305070331e-01,9.293371536863341831e-01
9.329140461215932323e-01,8.141160027952478728e-01
9.321734107182125806e-01,8.148566381986286355e-01
8.141160027952478728e-01,9.329140461215932323e-01
9.329098400579806105e-01,8.141202088588603836e-01
8.141160027952478728e-01,9.329140461215932323e-01
8.141160027952478728e-01,9.329140461215932323e-01
9.329140461215932323e-01,8.141160027952478728e-01
8.141160027952478728e-01,9.329140461215932323e-01
9.329140461215932323e-01,8.141160027952478728e-01
8.141160027952478728e-01,9.329140461215932323e-01
9.329140461215932323e-01,8.141160027952478728e-01
8.141160027952478728e-01,9.329140461215932323e-01
9.329140461215932323e-01,8.141160027952478728e-01
8.141160027952478728e-01,9.329140461215932323e-01
9.329140461215932323e-01,8.141160027952478728e-01
8.141160027952478728e-01,9.329140461215932323e-01
9.329140461215932323e-01,8.141160027952478728e-01
9.329140461215932323e-01,8.141160027952478728e-01
8.141160027952478728e-01,9.329140461215932323e-01
9.328799196509193203e-01,8.141501292659217848e-01
8.141160027952478728e-01,9.329140461215932323e-01
8.141160027952478728e-01,9.329140461215932323e-01
9.329140461215932323e-01,8.141160027952478728e-01
8.141160027952478728e-01,9.329140461215932323e-01
9.329140461215932323e-01,8.141160027952478728e-01
8.141160027952478728e-01,9.329140461215932323e-01
9.329140461215932323e-01,8.141160027952478728e-01
8.141160027952478728e-01,9.329140461215932323e-01
9.329140461215932323e-01,8.141160027952478728e-01
8.141160027952478728e-01,9.329140461215932323e-01
9.329140461215932323e-01,8.141160027952478728e-01
8.141160027952478728e-01,9.329140461215932323e-01
9.329140461215932323e-01,8.141160027952478728e-01
8.141160027952478728e-01,9.329140461215932323e-01
9.329140461215932323e-01,8.141160027952478728e-01
8.141160027952478728e-01,9.329140461215932323e-01
9.329140461215932323e-01,8.141160027952478728e-01
9.329140461215932323e-01,8.141160027952478728e-01
8.141160027952478728e-01,9.329140461215932323e-01
8.141160027952478728e-01,9.329140461215932323e-01
9.329140461215932323e-01,8.141160027952478728e-01
8.141160027952478728e-01,9.329140461215932323e-01
9.329140461215932323e-01,8.141160027952478728e-01
8.141160027952478728e-01,9.329140461215932323e-01
9.329140461215932323e-01,8.141160027952478728e-01
8.141160027952478728e-01,9.329140461215932323e-01
9.329140461215932323e-01,8.141160027952478728e-01
8.141833281367079067e-01,9.328467207801331984e-01
9.329140461215932323e-01,8.141160027952478728e-01
9.329140461215932323e-01,8.141160027952478728e-01
8.141160027952478728e-01,9.329140461215932323e-01
9.329140461215932323e-01,8.141160027952478728e-01
8.141160027952478728e-01,9.329140461215932323e-01
9.329140461215932323e-01,8.141160027952478728e-01
8.141160027952478728e-01,9.329140461215932323e-01
8.141160027952478728e-01,9.329140461215932323e-01
9.329140461215932323e-01,8.141160027952478728e-01
8.141160027952478728e-01,9.329140461215932323e-01
9.329140461215932323e-01,8.141160027952478728e-01
8.141160027952478728e-01,9.329140461215932323e-01
9.329140461215932323e-01,8.141160027952478728e-01
8.141160027952478728e-01,9.329140461215932323e-01
9.329140461215932323e-01,8.141160027952478728e-01
8.141160027952478728e-01,9.329140461215932323e-01
9.329140461215932323e-01,8.141160027952478728e-01
8.141160027952478728e-01,9.329140461215932323e-01
9.329140461215932323e-01,8.141160027952478728e-01
9.329140461215932323e-01,8.141160027952478728e-01
8.141160027952478728e-01,9.329140461215932323e-01
8.141160027952478728e-01,9.329140461215932323e-01
9.329140461215932323e-01,8.141160027952478728e-01
8.141160027952478728e-01,9.329140461215932323e-01
9.329140461215932323e-01,8.141160027952478728e-01
8.141160027952478728e-01,9.329140461215932323e-01
9.329140461215932323e-01,8.141160027952478728e-01
8.141160027952478728e-01,9.329140461215932323e-01
9.329140461215932323e-01,8.141160027952478728e-01
8.141160027952478728e-01,9.329140461215932323e-01
9.329140461215932323e-01,8.141160027952478728e-01
8.141160027952478728e-01,9.329140461215932323e-01
9.329140461215932323e-01,8.141160027952478728e-01
8.141160027952478728e-01,9.329140461215932323e-01
9.329140461215932323e-01,8.141160027952478728e-01
9.329140461215932323e-01,8.141160027952478728e-01
8.141160027952478728e-01,9.329140461215932323e-01
9.307137544050154698e-01,8.163162945118256353e-01
8.141160027952478728e-01,9.329140461215932323e-01
9.329140461215932323e-01,8.141160027952478728e-01
8.141160027952478728e-01,9.329140461215932323e-01
8.141160027952478728e-01,9.329140461215932323e-01
9.329140461215932323e-01,8.141160027952478728e-01
8.141160027952478728e-01,9.329140461215932323e-01
9.329140461215932323e-01,8.141160027952478728e-01
8.141160027952478728e-01,9.329140461215932323e-01
9.329140461215932323e-01,8.141160027952478728e-01
8.141160027952478728e-01,9.329140461215932323e-01
9.329140461215932323e-01,8.141160027952478728e-01
8.141160027952478728e-01,9.329140461215932323e-01
9.329140461215932323e-01,8.141160027952478728e-01
8.141160027952478728e-01,9.329140461215932323e-01
9.329140461215932323e-01,8.141160027952478728e-01
9.329140461215932323e-01,8.141160027952478728e-01
8.141160027952478728e-01,9.329140461215932323e-01
9.329140461215932323e-01,8.141160027952478728e-01
8.141160027952478728e-01,9.329140461215932323e-01
9.329140461215932323e-01,8.141160027952478728e-01
8.141160027952478728e-01,9.329140461215932323e-01
8.141160027952478728e-01,9.329140461215932323e-01
9.329140461215932323e-01,8.141160027952478728e-01
8.141160027952478728e-01,9.329140461215932323e-01
9.329140461215932323e-01,8.141160027952478728e-01
8.141160027952478728e-01,9.329140461215932323e-01
9.329140461215932323e-01,8.141160027952478728e-01
8.141160027952478728e-01,9.329140461215932323e-01
9.329140461215932323e-01,8.141160027952478728e-01
8.141160027952478728e-01,9.329140461215932323e-01
9.329140461215932323e-01,8.141160027952478728e-01
9.286837268342177376e-01,8.183463220826233675e-01
8.141160027952478728e-01,9.329140461215932323e-01
9.329140461215932323e-01,8.141160027952478728e-01
8.141160027952478728e-01,9.329140461215932323e-01
9.329140461215932323e-01,8.141160027952478728e-01
8.141160027952478728e-01,9.329140461215932323e-01
8.141160027952478728e-01,9.329140461215932323e-01
9.329140461215932323e-01,8.141160027952478728e-01
8.141160027952478728e-01,9.329140461215932323e-01
9.329140461215932323e-01,8.141160027952478728e-01
8.141160027952478728e-01,9.329140461215932323e-01
9.329140461215932323e-01,8.141160027952478728e-01
8.141160027952478728e-01,9.329140461215932323e-01
9.329140461215932323e-01,8.141160027952478728e-01
9.321742568875758250e-01,8.148557920292653911e-01
8.141160027952478728e-01,9.329140461215932323e-01
9.329140461215932323e-01,8.141160027952478728e-01
8.141160027952478728e-01,9.329140461215932323e-01
9.329140461215932323e-01,8.141160027952478728e-01
8.141160027952478728e-01,9.329140461215932323e-01
8.141160027952478728e-01,9.329140461215932323e-01
9.329140461215932323e-01,8.141160027952478728e-01
8.141160027952478728e-01,9.329140461215932323e-01
9.329140461215932323e-01,8.141160027952478728e-01
8.141160027952478728e-01,9.329140461215932323e-01
9.329140461215932323e-01,8.141160027952478728e-01
8.141160027952478728e-01,9.329140461215932323e-01
9.329140461215932323e-01,8.141160027952478728e-01
8.141160027952478728e-01,9.329140461215932323e-01
9.329140461215932323e-01,8.141160027952478728e-01
8.141160027952478728e-01,9.329140461215932323e-01
9.329140461215932323e-01,8.141160027952478728e-01
9.329140461215932323e-01,8.141160027952478728e-01
8.141160027952478728e-01,9.329140461215932323e-01
9.329140461215932323e-01,8.141160027952478728e-01
8.141160027952478728e-01,9.329140461215932323e-01
9.329140461215932323e-01,8.141160027952478728e-01
8.141160027952478728e-01,9.329140461215932323e-01
9.329140461215932323e-01,8.141160027952478728e-01
8.141160027952478728e-01,9.329140461215932323e-01
8.141160027952478728e-01,9.329140461215932323e-01
9.329140461215932323e-01,8.141160027952478728e-01
8.141160027952478728e-01,9.329140461215932323e-01
9.329140461215932323e-01,8.141160027952478728e-01
8.141160027952478728e-01,9.329140461215932323e-01
9.329140461215932323e-01,8.141160027952478728e-01
8.141160027952478728e-01,9.329140461215932323e-01
9.329140461215932323e-01,8.141160027952478728e-01
8.141160027952478728e-01,9.329140461215932323e-01
9.329140461215932323e-01,8.141160027952478728e-01
9.329140461215932323e-01,8.141160027952478728e-01
8.141160027952478728e-01,9.329140461215932323e-01
9.329140461215932323e-01,8.141160027952478728e-01
8.141160027952478728e-01,9.329140461215932323e-01
8.141160098761631714e-01,9.329140390406780448e-01
9.329140461215932323e-01,8.141160027952478728e-01
8.141160027952478728e-01,9.329140461215932323e-01
9.329140461215932323e-01,8.141160027952478728e-01
8.141160027952478728e-01,9.329140461215932323e-01
9.329140461215932323e-01,8.141160027952478728e-01
8.141160027952478728e-01,9.329140461215932323e-01
9.329140461215932323e-01,8.141160027952478728e-01
8.141160027952478728e-01,9.329140461215932323e-01
9.329140461215932323e-01,8.141160027952478728e-01
8.141160027952478728e-01,9.329140461215932323e-01
9.329140461215932323e-01,8.141160027952478728e-01
9.329140461215932323e-01,8.141160027952478728e-01
8.141160027952478728e-01,9.329140461215932323e-01
9.329140461215932323e-01,8.141160027952478728e-01
8.141160027952478728e-01,9.329140461215932323e-01
9.329140461215932323e-01,8.141160027952478728e-01
8.141160027952478728e-01,9.329140461215932323e-01
8.141160027952478728e-01,9.329140461215932323e-01
9.329140461215932323e-01,8.141160027952478728e-01
8.141160027952478728e-01,9.329140461215932323e-01
9.329140461215932323e-01,8.141160027952478728e-01
8.141160027952478728e-01,9.329140461215932323e-01
9.329140461215932323e-01,8.141160027952478728e-01
8.141160027952478728e-01,9.329140461215932323e-01
9.329140461215932323e-01,8.141160027952478728e-01
8.141160027952478728e-01,9.329140461215932323e-01
9.329140461215932323e-01,8.141160027952478728e-01
8.141160027952478728e-01,9.329140461215932323e-01
9.329140461215932323e-01,8.141160027952478728e-01
9.329140461215932323e-01,8.141160027952478728e-01
8.141160027952478728e-01,9.329140461215932323e-01
9.329140461215932323e-01,8.141160027952478728e-01
8.141160027952478728e-01,9.329140461215932323e-01
9.329140461215932323e-01,8.141160027952478728e-01
8.141160027952478728e-01,9.329140461215932323e-01
8.141160027952478728e-01,9.329140461215932323e-01
9.329140461215932323e-01,8.141160027952478728e-01
8.141160027952478728e-01,9.329140461215932323e-01
9.329140461215932323e-01,8.141160027952478728e-01
8.141160027952478728e-01,9.329140461215932323e-01
9.329140461215932323e-01,8.141160027952478728e-01
8.141160027952478728e-01,9.329140461215932323e-01
9.329140461215932323e-01,8.141160027952478728e-01
8.141160027952478728e-01,9.329140461215932323e-01
9.329140461215932323e-01,8.141160027952478728e-01
9.329140461215932323e-01,8.141160027952478728e-01
8.141160027952478728e-01,9.329140461215932323e-01
9.329140461215932323e-01,8.141160027952478728e-01
8.141160027952478728e-01,9.329140461215932323e-01
9.329140461215932323e-01,8.141160027952478728e-01
8.141160027952478728e-01,9.329140461215932323e-01
8.141160027952478728e-01,9.329140461215932323e-01
9.329140461215932323e-01,8.141160027952478728e-01
8.141160027952478728e-01,9.329140461215932323e-01
9.329140461215932323e-01,8.141160027952478728e-01
8.141160027952478728e-01,9.329140461215932323e-01
9.329140461215932323e-01,8.141160027952478728e-01
8.141160027952478728e-01,9.329140461215932323e-01
9.329140461215932323e-01,8.141160027952478728e-01
9.295080621953945021e-01,8.175219867214467140e-01
8.141160027952478728e-01,9.329140461215932323e-01
9.329140461215932323e-01,8.141160027952478728e-01
8.141160027952478728e-01,9.329140461215932323e-01
9.329140461215932323e-01,8.141160027952478728e-01
8.141160027952478728e-01,9.329140461215932323e-01
9.329140461215932323e-01,8.141160027952478728e-01
8.141160027952478728e-01,9.329140461215932323e-01
9.329140461215932323e-01,8.141160027952478728e-01
8.141160027952478728e-01,9.329140461215932323e-01
8.141160027952478728e-01,9.329140461215932323e-01
9.329140461215932323e-01,8.141160027952478728e-01
8.141160027952478728e-01,9.329140461215932323e-01
9.329140461215932323e-01,8.141160027952478728e-01
8.141160027952478728e-01,9.329140461215932323e-01
9.329140461215932323e-01,8.141160027952478728e-01
8.141160027952478728e-01,9.329140461215932323e-01
9.329140461215932323e-01,8.141160027952478728e-01
8.141160027952478728e-01,9.329140461215932323e-01
9.329140461215932323e-01,8.141160027952478728e-01
8.141160027952478728e-01,9.329140461215932323e-01
9.329140461215932323e-01,8.141160027952478728e-01
9.329140461215932323e-01,8.141160027952478728e-01
8.141160027952478728e-01,9.329140461215932323e-01
9.329140461215932323e-01,8.141160027952478728e-01
8.141160027952478728e-01,9.329140461215932323e-01
9.326102784011515157e-01,8.144197705156895895e-01
8.141160027952478728e-01,9.329140461215932323e-01
8.141160027952478728e-01,9.329140461215932323e-01
9.329140461215932323e-01,8.141160027952478728e-01
8.141160027952478728e-01,9.329140461215932323e-01
9.329140461215932323e-01,8.141160027952478728e-01
8.141160027952478728e-01,9.329140461215932323e-01
9.329140461215932323e-01,8.141160027952478728e-01
9.329140461215932323e-01,8.141160027952478728e-01
8.141160027952478728e-01,9.329140461215932323e-01
9.329140461215932323e-01,8.141160027952478728e-01
8.141160027952478728e-01,9.329140461215932323e-01
9.329140461215932323e-01,8.141160027952478728e-01
8.141160027952478728e-01,9.329140461215932323e-01
9.329140461215932323e-01,8.141160027952478728e-01
8.141160027952478728e-01,9.329140461215932323e-01
8.141160027952478728e-01,9.329140461215932323e-01
9.329140461215932323e-01,8.141160027952478728e-01
8.141160027952478728e-01,9.329140461215932323e-01
9.329140461215932323e-01,8.141160027952478728e-01
8.141160027952478728e-01,9.329140461215932323e-01
9.329140461215932323e-01,8.141160027952478728e-01
8.141160027952478728e-01,9.329140461215932323e-01
9.329140461215932323e-01,8.141160027952478728e-01
8.141160027952478728e-01,9.329140461215932323e-01
9.329140461215932323e-01,8.141160027952478728e-01
9.317869060444381457e-01,8.152431428724030704e-01
8.141160027952478728e-01,9.329140461215932323e-01
9.329140461215932323e-01,8.141160027952478728e-01
8.141160027952478728e-01,9.329140461215932323e-01
9.329140461215932323e-01,8.141160027952478728e-01
8.141160027952478728e-01,9.329140461215932323e-01
9.329140461215932323e-01,8.141160027952478728e-01
8.141160027952478728e-01,9.329140461215932323e-01
8.141160027952478728e-01,9.329140461215932323e-01
9.329140461215932323e-01,8.141160027952478728e-01
8.141160027952478728e-01,9.329140461215932323e-01
9.329140461215932323e-01,8.141160027952478728e-01
8.141160027952478728e-01,9.329140461215932323e-01
9.329140461215932323e-01,8.141160027952478728e-01
8.141160027952478728e-01,9.329140461215932323e-01
9.329140461215932323e-01,8.141160027952478728e-01
8.141160027952478728e-01,9.329140461215932323e-01
9.329140461215932323e-01,8.141160027952478728e-01
9.329140461215932323e-01,8.141160027952478728e-01
8.141160027952478728e-01,9.329140461215932323e-01
9.329140461215932323e-01,8.141160027952478728e-01
8.141160027952478728e-01,9.329140461215932323e-01
9.329140461215932323e-01,8.141160027952478728e-01
8.141160027952478728e-01,9.329140461215932323e-01
8.141160027952478728e-01,9.329140461215932323e-01
9.329140461215932323e-01,8.141160027952478728e-01
8.141160027952478728e-01,9.329140461215932323e-01
9.329140461215932323e-01,8.141160027952478728e-01
8.141160027952478728e-01,9.329140461215932323e-01
9.329140461215932323e-01,8.141160027952478728e-01
8.141574792558708973e-01,9.328725696609703188e-01
9.329140461215932323e-01,8.141160027952478728e-01
9.329140461215932323e-01,8.141160027952478728e-01
8.141160027952478728e-01,9.329140461215932323e-01
9.329140461215932323e-01,8.141160027952478728e-01
8.141160027952478728e-01,9.329140461215932323e-01
9.329140461215932323e-01,8.141160027952478728e-01
8.141160027952478728e-01,9.329140461215932323e-01
9.329140461215932323e-01,8.141160027952478728e-01
8.141160027952478728e-01,9.329140461215932323e-01
9.329140461215932323e-01,8.141160027952478728e-01
8.141160027952478728e-01,9.329140461215932323e-01
8.141160027952478728e-01,9.329140461215932323e-01
9.329140461215932323e-01,8.141160027952478728e-01
8.141160027952478728e-01,9.329140461215932323e-01
9.329140461215932323e-01,8.141160027952478728e-01
8.141160027952478728e-01,9.329140461215932323e-01
9.329140461215932323e-01,8.141160027952478728e-01
8.141160027952478728e-01,9.329140461215932323e-01
9.329140461215932323e-01,8.141160027952478728e-01
8.141160027952478728e-01,9.329140461215932323e-01
9.329140461215932323e-01,8.141160027952478728e-01
9.329140461215932323e-01,8.141160027952478728e-01
8.141160027952478728e-01,9.329140461215932323e-01
9.329140461215932323e-01,8.141160027952478728e-01
8.141160027952478728e-01,9.329140461215932323e-01
9.329140461215932323e-01,8.141160027952478728e-01
8.141160027952478728e-01,9.329140461215932323e-01
8.141160027952478728e-01,9.329140461215932323e-01
9.329140461215932323e-01,8.141160027952478728e-01
8.141160027952478728e-01,9.329140461215932323e-01
9.329140461215932323e-01,8.141160027952478728e-01
8.141160027952478728e-01,9.329140461215932323e-01
9.329140461215932323e-01,8.141160027952478728e-01
8.141160027952478728e-01,9.329140461215932323e-01
9.329140461215932323e-01,8.141160027952478728e-01
9.329140461215932323e-01,8.141160027952478728e-01
8.141160027952478728e-01,9.329140461215932323e-01
8.141160027952478728e-01,9.329140461215932323e-01
9.329140461215932323e-01,8.141160027952478728e-01
9.329140461215932323e-01,8.141160027952478728e-01
8.141160027952478728e-01,9.329140461215932323e-01
9.329140461215932323e-01,8.141160027952478728e-01
8.141160027952478728e-01,9.329140461215932323e-01
8.141160027952478728e-01,9.329140461215932323e-01
9.329140461215932323e-01,8.141160027952478728e-01
8.141160027952478728e-01,9.329140461215932323e-01
9.329140461215932323e-01,8.141160027952478728e-01
8.141160027952478728e-01,9.329140461215932323e-01
9.329140461215932323e-01,8.141160027952478728e-01
8.141160027952478728e-01,9.329140461215932323e-01
9.329140461215932323e-01,8.141160027952478728e-01
9.329140461215932323e-01,8.141160027952478728e-01
8.141160027952478728e-01,9.329140461215932323e-01
9.329140461215932323e-01,8.141160027952478728e-01
8.141160027952478728e-01,9.329140461215932323e-01
9.329140461215932323e-01,8.141160027952478728e-01
8.141160027952478728e-01,9.329140461215932323e-01
9.329140461215932323e-01,8.141160027952478728e-01
8.141160027952478728e-01,9.329140461215932323e-01
9.329140461215932323e-01,8.141160027952478728e-01
8.141613843805882711e-01,9.328686645362527230e-01
9.329140461215932323e-01,8.141160027952478728e-01
8.141160027952478728e-01,9.329140461215932323e-01
8.141542220348914061e-01,9.328758268819496990e-01
9.329140461215932323e-01,8.141160027952478728e-01
8.141160559021117793e-01,9.329139930147294368e-01
9.329140461215932323e-01,8.141160027952478728e-01
9.329140461215932323e-01,8.141160027952478728e-01
8.141160063357055776e-01,9.329140425811356385e-01
8.141160027952478728e-01,9.329140461215932323e-01
8.141160027952478728e-01,9.329140461215932323e-01
8.141160027952478728e-01,9.329140461215932323e-01
8.141160027952478728e-01,9.329140461215932323e-01
8.141160027952478728e-01,9.329140461215932323e-01
8.141160027952478728e-01,9.329140461215932323e-01
8.141160027952478728e-01,9.329140461215932323e-01
8.141160027952478728e-01,9.329140461215932323e-01
8.141160027952478728e-01,9.329140461215932323e-01
8.141160027952478728e-01,9.329140461215932323e-01
9.329140461215932323e-01,8.141160027952478728e-01
8.141160027952478728e-01,9.329140461215932323e-01
9.329140284193052635e-01,8.141160204975359527e-01
