7.500000000000000000e-01,-1.000000000000000000e+00
7.500000000000000000e-01,-1.000000000000000000e+00
7.500000000000000000e-01,-1.000000000000000000e+00
7.500000000000000000e-01,-1.000000000000000000e+00
7.500000000000000000e-01,-1.000000000000000000e+00
7.500000000000000000e-01,-1.000000000000000000e+00
7.500000000000000000e-01,-1.000000000000000000e+00
7.500000000000000000e-01,-1.000000000000000000e+00
7.500000000000000000e-01,1.000000000000000000e+00
7.500000000000000000e-01,-1.000000000000000000e+00
7.500000000000000000e-01,1.000000000000000000e+00
7.500000000000000000e-01,-1.000000000000000000e+00
7.500000000000000000e-01,-1.000000000000000000e+00
7.500000000000000000e-01,1.000000000000000000e+00
7.500000000000000000e-01,-1.000000000000000000e+00
7.500000000000000000e-01,1.000000000000000000e+00
7.500000000000000000e-01,-1.000000000000000000e+00
7.500000000000000000e-01,1.000000000000000000e+00
7.500000000000000000e-01,-1.000000000000000000e+00
7.500000000000000000e-01,1.000000000000000000e+00
7.500000000000000000e-01,-2.871819734573364258e-01
7.500000000000000000e-01,-9.961989521980285645e-01
7.500000000000000000e-01,1.000000000000000000e+00
7.500000000000000000e-01,-1.000000000000000000e+00
7.500000000000000000e-01,1.000000000000000000e+00
7.500000000000000000e-01,-1.000000000000000000e+00
7.500000000000000000e-01,9.612037539482116699e-01
7.500000000000000000e-01,-1.000000000000000000e+00
7.500000000000000000e-01,-1.000000000000000000e+00
7.500000000000000000e-01,-1.000000000000000000e+00
7.500000000000000000e-01,-1.000000000000000000e+00
7.500000000000000000e-01,-1.000000000000000000e+00
7.500000000000000000e-01,-1.000000000000000000e+00
7.500000000000000000e-01,9.999997019767761230e-01
7.500000000000000000e-01,-1.000000000000000000e+00
7.500000000000000000e-01,-1.000000000000000000e+00
7.500000000000000000e-01,-1.000000000000000000e+00
7.500000000000000000e-01,9.997408390045166016e-01
7.500000000000000000e-01,-1.000000000000000000e+00
7.500000000000000000e-01,-1.000000000000000000e+00
7.500000000000000000e-01,-1.000000000000000000e+00
7.500000000000000000e-01,-1.000000000000000000e+00
7.500000000000000000e-01,-1.000000000000000000e+00
7.500000000000000000e-01,-1.000000000000000000e+00
7.500000000000000000e-01,1.000000000000000000e+00
7.500000000000000000e-01,1.000000000000000000e+00
7.500000000000000000e-01,1.150311436504125595e-02
7.500000000000000000e-01,1.000000000000000000e+00
7.500000000000000000e-01,-1.000000000000000000e+00
7.500000000000000000e-01,-1.000000000000000000e+00
7.500000000000000000e-01,-1.000000000000000000e+00
7.500000000000000000e-01,-1.000000000000000000e+00
7.500000000000000000e-01,-1.000000000000000000e+00
7.500000000000000000e-01,-1.000000000000000000e+00
7.500000000000000000e-01,-1.000000000000000000e+00
7.500000000000000000e-01,-9.985091090202331543e-01
7.500000000000000000e-01,1.000000000000000000e+00
7.500000000000000000e-01,-1.000000000000000000e+00
7.500000000000000000e-01,-1.000000000000000000e+00
7.500000000000000000e-01,-1.000000000000000000e+00
7.500000000000000000e-01,-1.000000000000000000e+00
7.500000000000000000e-01,-1.000000000000000000e+00
7.500000000000000000e-01,-1.000000000000000000e+00
7.500000000000000000e-01,-1.000000000000000000e+00
7.500000000000000000e-01,-1.000000000000000000e+00
7.500000000000000000e-01,-1.000000000000000000e+00
7.500000000000000000e-01,-1.000000000000000000e+00
7.500000000000000000e-01,-1.000000000000000000e+00
7.500000000000000000e-01,-1.000000000000000000e+00
7.500000000000000000e-01,-1.000000000000000000e+00
7.500000000000000000e-01,-1.000000000000000000e+00
7.500000000000000000e-01,-1.000000000000000000e+00
7.500000000000000000e-01,1.000000000000000000e+00
7.500000000000000000e-01,-1.000000000000000000e+00
7.500000000000000000e-01,1.000000000000000000e+00
7.500000000000000000e-01,-1.000000000000000000e+00
7.500000000000000000e-01,1.000000000000000000e+00
7.500000000000000000e-01,-1.000000000000000000e+00
7.500000000000000000e-01,1.000000000000000000e+00
7.500000000000000000e-01,-1.000000000000000000e+00
7.500000000000000000e-01,1.000000000000000000e+00
7.500000000000000000e-01,-1.000000000000000000e+00
7.500000000000000000e-01,1.000000000000000000e+00
7.500000000000000000e-01,-1.000000000000000000e+00
7.500000000000000000e-01,1.038738563656806946e-01
7.500000000000000000e-01,-1.000000000000000000e+00
7.500000000000000000e-01,1.000000000000000000e+00
7.500000000000000000e-01,-1.000000000000000000e+00
7.500000000000000000e-01,1.000000000000000000e+00
7.500000000000000000e-01,-1.000000000000000000e+00
7.500000000000000000e-01,1.000000000000000000e+00
7.500000000000000000e-01,-1.000000000000000000e+00
7.500000000000000000e-01,1.000000000000000000e+00
7.500000000000000000e-01,-1.000000000000000000e+00
7.500000000000000000e-01,1.000000000000000000e+00
7.500000000000000000e-01,-1.000000000000000000e+00
7.500000000000000000e-01,1.000000000000000000e+00
7.500000000000000000e-01,-1.000000000000000000e+00
7.500000000000000000e-01,-1.000000000000000000e+00
7.500000000000000000e-01,1.000000000000000000e+00
7.500000000000000000e-01,9.824116826057434082e-01
7.500000000000000000e-01,-1.000000000000000000e+00
7.500000000000000000e-01,1.000000000000000000e+00
7.500000000000000000e-01,-1.000000000000000000e+00
7.500000000000000000e-01,1.000000000000000000e+00
7.500000000000000000e-01,-1.000000000000000000e+00
7.500000000000000000e-01,1.000000000000000000e+00
7.500000000000000000e-01,9.551811218261718750e-01
7.500000000000000000e-01,-1.000000000000000000e+00
7.500000000000000000e-01,1.000000000000000000e+00
7.500000000000000000e-01,1.000000000000000000e+00
7.500000000000000000e-01,-1.000000000000000000e+00
7.500000000000000000e-01,1.000000000000000000e+00
7.500000000000000000e-01,-1.000000000000000000e+00
7.500000000000000000e-01,1.000000000000000000e+00
7.500000000000000000e-01,1.000000000000000000e+00
7.500000000000000000e-01,1.000000000000000000e+00
7.500000000000000000e-01,1.000000000000000000e+00
7.500000000000000000e-01,1.000000000000000000e+00
7.500000000000000000e-01,-1.000000000000000000e+00
7.500000000000000000e-01,-1.000000000000000000e+00
7.500000000000000000e-01,-1.000000000000000000e+00
7.500000000000000000e-01,-1.000000000000000000e+00
7.500000000000000000e-01,-1.000000000000000000e+00
7.500000000000000000e-01,1.000000000000000000e+00
7.500000000000000000e-01,1.000000000000000000e+00
7.500000000000000000e-01,-1.000000000000000000e+00
7.500000000000000000e-01,1.000000000000000000e+00
7.500000000000000000e-01,1.000000000000000000e+00
7.500000000000000000e-01,-1.000000000000000000e+00
7.500000000000000000e-01,-1.000000000000000000e+00
7.500000000000000000e-01,-1.000000000000000000e+00
7.500000000000000000e-01,-1.000000000000000000e+00
7.500000000000000000e-01,-1.000000000000000000e+00
