7.500000000000000000e-01,-1.000000000000000000e+00
7.500000000000000000e-01,-1.000000000000000000e+00
7.500000000000000000e-01,-1.000000000000000000e+00
7.500000000000000000e-01,-1.000000000000000000e+00
7.500000000000000000e-01,-1.000000000000000000e+00
7.500000000000000000e-01,1.000000000000000000e+00
7.500000000000000000e-01,1.000000000000000000e+00
7.500000000000000000e-01,-1.000000000000000000e+00
7.500000000000000000e-01,-1.000000000000000000e+00
7.500000000000000000e-01,-1.000000000000000000e+00
7.500000000000000000e-01,-1.000000000000000000e+00
7.500000000000000000e-01,-1.000000000000000000e+00
7.500000000000000000e-01,1.000000000000000000e+00
7.500000000000000000e-01,-1.000000000000000000e+00
7.500000000000000000e-01,-1.000000000000000000e+00
7.500000000000000000e-01,-1.000000000000000000e+00
7.500000000000000000e-01,-1.000000000000000000e+00
7.500000000000000000e-01,1.000000000000000000e+00
7.500000000000000000e-01,-1.000000000000000000e+00
7.500000000000000000e-01,-1.000000000000000000e+00
7.500000000000000000e-01,1.000000000000000000e+00
7.500000000000000000e-01,1.000000000000000000e+00
7.500000000000000000e-01,1.000000000000000000e+00
7.500000000000000000e-01,-1.000000000000000000e+00
7.500000000000000000e-01,1.000000000000000000e+00
7.500000000000000000e-01,1.000000000000000000e+00
7.500000000000000000e-01,1.000000000000000000e+00
7.500000000000000000e-01,1.000000000000000000e+00
7.500000000000000000e-01,1.000000000000000000e+00
7.500000000000000000e-01,1.000000000000000000e+00
7.500000000000000000e-01,-9.999960064888000488e-01
7.500000000000000000e-01,1.000000000000000000e+00
7.500000000000000000e-01,1.000000000000000000e+00
7.500000000000000000e-01,1.000000000000000000e+00
7.500000000000000000e-01,1.000000000000000000e+00
7.500000000000000000e-01,1.000000000000000000e+00
7.500000000000000000e-01,-1.000000000000000000e+00
7.500000000000000000e-01,1.000000000000000000e+00
7.500000000000000000e-01,1.000000000000000000e+00
7.500000000000000000e-01,1.000000000000000000e+00
7.500000000000000000e-01,-1.000000000000000000e+00
7.500000000000000000e-01,1.000000000000000000e+00
7.500000000000000000e-01,1.000000000000000000e+00
7.500000000000000000e-01,-1.000000000000000000e+00
7.500000000000000000e-01,1.000000000000000000e+00
7.500000000000000000e-01,1.000000000000000000e+00
7.500000000000000000e-01,1.000000000000000000e+00
7.500000000000000000e-01,-1.000000000000000000e+00
7.500000000000000000e-01,1.000000000000000000e+00
7.500000000000000000e-01,-1.000000000000000000e+00
7.500000000000000000e-01,1.000000000000000000e+00
7.500000000000000000e-01,-1.000000000000000000e+00
7.500000000000000000e-01,1.000000000000000000e+00
7.500000000000000000e-01,1.000000000000000000e+00
7.500000000000000000e-01,1.000000000000000000e+00
7.500000000000000000e-01,1.000000000000000000e+00
7.500000000000000000e-01,1.000000000000000000e+00
7.500000000000000000e-01,1.000000000000000000e+00
7.500000000000000000e-01,1.000000000000000000e+00
7.500000000000000000e-01,1.000000000000000000e+00
7.500000000000000000e-01,1.000000000000000000e+00
7.500000000000000000e-01,1.000000000000000000e+00
7.500000000000000000e-01,1.000000000000000000e+00
7.500000000000000000e-01,1.000000000000000000e+00
7.500000000000000000e-01,1.000000000000000000e+00
7.500000000000000000e-01,1.000000000000000000e+00
7.500000000000000000e-01,1.000000000000000000e+00
7.500000000000000000e-01,1.000000000000000000e+00
7.500000000000000000e-01,-8.267890214920043945e-01
7.500000000000000000e-01,1.000000000000000000e+00
7.500000000000000000e-01,1.000000000000000000e+00
7.500000000000000000e-01,1.000000000000000000e+00
7.500000000000000000e-01,1.000000000000000000e+00
7.500000000000000000e-01,1.000000000000000000e+00
7.500000000000000000e-01,-1.000000000000000000e+00
7.500000000000000000e-01,1.000000000000000000e+00
7.500000000000000000e-01,1.000000000000000000e+00
7.500000000000000000e-01,1.000000000000000000e+00
7.500000000000000000e-01,1.000000000000000000e+00
7.500000000000000000e-01,1.000000000000000000e+00
7.500000000000000000e-01,1.000000000000000000e+00
7.500000000000000000e-01,1.000000000000000000e+00
7.500000000000000000e-01,1.000000000000000000e+00
7.500000000000000000e-01,-1.000000000000000000e+00
7.500000000000000000e-01,1.000000000000000000e+00
7.500000000000000000e-01,1.000000000000000000e+00
7.500000000000000000e-01,1.000000000000000000e+00
7.500000000000000000e-01,-1.000000000000000000e+00
7.500000000000000000e-01,1.000000000000000000e+00
7.500000000000000000e-01,-1.000000000000000000e+00
7.500000000000000000e-01,1.000000000000000000e+00
7.500000000000000000e-01,1.000000000000000000e+00
7.500000000000000000e-01,1.000000000000000000e+00
7.500000000000000000e-01,-1.000000000000000000e+00
7.500000000000000000e-01,1.000000000000000000e+00
7.500000000000000000e-01,1.000000000000000000e+00
7.500000000000000000e-01,-9.999999403953552246e-01
7.500000000000000000e-01,1.000000000000000000e+00
7.500000000000000000e-01,1.000000000000000000e+00
7.500000000000000000e-01,1.000000000000000000e+00
7.500000000000000000e-01,1.000000000000000000e+00
7.500000000000000000e-01,1.000000000000000000e+00
7.500000000000000000e-01,1.000000000000000000e+00
7.500000000000000000e-01,1.000000000000000000e+00
7.500000000000000000e-01,-1.000000000000000000e+00
7.500000000000000000e-01,1.000000000000000000e+00
7.500000000000000000e-01,-1.000000000000000000e+00
7.500000000000000000e-01,-9.998514056205749512e-01
7.500000000000000000e-01,1.000000000000000000e+00
7.500000000000000000e-01,1.000000000000000000e+00
7.500000000000000000e-01,-1.000000000000000000e+00
7.500000000000000000e-01,1.000000000000000000e+00
7.500000000000000000e-01,-1.000000000000000000e+00
7.500000000000000000e-01,-1.000000000000000000e+00
7.500000000000000000e-01,1.000000000000000000e+00
7.500000000000000000e-01,-1.000000000000000000e+00
7.500000000000000000e-01,1.000000000000000000e+00
7.500000000000000000e-01,-1.114978343248367310e-01
7.500000000000000000e-01,-1.000000000000000000e+00
7.500000000000000000e-01,1.000000000000000000e+00
7.500000000000000000e-01,1.000000000000000000e+00
7.500000000000000000e-01,-1.000000000000000000e+00
7.500000000000000000e-01,1.000000000000000000e+00
7.500000000000000000e-01,-1.000000000000000000e+00
7.500000000000000000e-01,-9.875131845474243164e-01
7.500000000000000000e-01,1.000000000000000000e+00
7.500000000000000000e-01,-1.000000000000000000e+00
7.500000000000000000e-01,1.000000000000000000e+00
7.500000000000000000e-01,-1.000000000000000000e+00
7.500000000000000000e-01,1.000000000000000000e+00
7.500000000000000000e-01,-1.000000000000000000e+00
7.500000000000000000e-01,-1.000000000000000000e+00
7.500000000000000000e-01,1.000000000000000000e+00
7.500000000000000000e-01,1.000000000000000000e+00
7.500000000000000000e-01,1.000000000000000000e+00
7.500000000000000000e-01,1.000000000000000000e+00
7.500000000000000000e-01,1.000000000000000000e+00
7.500000000000000000e-01,1.000000000000000000e+00
7.500000000000000000e-01,1.000000000000000000e+00
7.500000000000000000e-01,1.000000000000000000e+00
7.500000000000000000e-01,1.000000000000000000e+00
7.500000000000000000e-01,1.000000000000000000e+00
7.500000000000000000e-01,1.000000000000000000e+00
7.500000000000000000e-01,1.000000000000000000e+00
7.500000000000000000e-01,1.000000000000000000e+00
7.500000000000000000e-01,1.000000000000000000e+00
7.500000000000000000e-01,1.000000000000000000e+00
7.500000000000000000e-01,1.000000000000000000e+00
7.500000000000000000e-01,1.000000000000000000e+00
7.500000000000000000e-01,1.000000000000000000e+00
7.500000000000000000e-01,1.000000000000000000e+00
7.500000000000000000e-01,1.000000000000000000e+00
7.500000000000000000e-01,-9.999993443489074707e-01
7.500000000000000000e-01,1.000000000000000000e+00
7.500000000000000000e-01,1.000000000000000000e+00
7.500000000000000000e-01,1.000000000000000000e+00
7.500000000000000000e-01,1.000000000000000000e+00
7.500000000000000000e-01,-9.934616684913635254e-01
7.500000000000000000e-01,1.000000000000000000e+00
7.500000000000000000e-01,1.000000000000000000e+00
7.500000000000000000e-01,1.000000000000000000e+00
7.500000000000000000e-01,1.000000000000000000e+00
7.500000000000000000e-01,1.000000000000000000e+00
7.500000000000000000e-01,1.000000000000000000e+00
7.500000000000000000e-01,-1.000000000000000000e+00
7.500000000000000000e-01,1.000000000000000000e+00
7.500000000000000000e-01,1.000000000000000000e+00
7.500000000000000000e-01,1.000000000000000000e+00
7.500000000000000000e-01,9.995355606079101562e-01
7.500000000000000000e-01,-9.999763369560241699e-01
7.500000000000000000e-01,-1.000000000000000000e+00
7.500000000000000000e-01,1.000000000000000000e+00
7.500000000000000000e-01,1.000000000000000000e+00
7.500000000000000000e-01,-9.999850988388061523e-01
7.500000000000000000e-01,1.000000000000000000e+00
7.500000000000000000e-01,1.000000000000000000e+00
7.500000000000000000e-01,1.000000000000000000e+00
7.500000000000000000e-01,1.000000000000000000e+00
7.500000000000000000e-01,1.000000000000000000e+00
7.500000000000000000e-01,1.000000000000000000e+00
7.500000000000000000e-01,-1.000000000000000000e+00
7.500000000000000000e-01,1.000000000000000000e+00
7.500000000000000000e-01,1.000000000000000000e+00
7.500000000000000000e-01,-1.000000000000000000e+00
7.500000000000000000e-01,-1.000000000000000000e+00
7.500000000000000000e-01,1.000000000000000000e+00
7.500000000000000000e-01,9.940693974494934082e-01
7.500000000000000000e-01,-1.000000000000000000e+00
7.500000000000000000e-01,9.999956488609313965e-01
7.500000000000000000e-01,-1.000000000000000000e+00
7.500000000000000000e-01,-1.000000000000000000e+00
7.500000000000000000e-01,1.000000000000000000e+00
7.500000000000000000e-01,9.571574330329895020e-01
7.500000000000000000e-01,1.000000000000000000e+00
7.500000000000000000e-01,1.000000000000000000e+00
7.500000000000000000e-01,1.000000000000000000e+00
7.500000000000000000e-01,-1.000000000000000000e+00
7.500000000000000000e-01,1.000000000000000000e+00
7.500000000000000000e-01,1.000000000000000000e+00
7.500000000000000000e-01,1.000000000000000000e+00
7.500000000000000000e-01,1.000000000000000000e+00
7.500000000000000000e-01,1.000000000000000000e+00
7.500000000000000000e-01,1.000000000000000000e+00
7.500000000000000000e-01,1.000000000000000000e+00
7.500000000000000000e-01,1.000000000000000000e+00
7.500000000000000000e-01,1.000000000000000000e+00
7.500000000000000000e-01,1.000000000000000000e+00
7.500000000000000000e-01,1.000000000000000000e+00
7.500000000000000000e-01,1.000000000000000000e+00
7.500000000000000000e-01,1.000000000000000000e+00
7.500000000000000000e-01,1.000000000000000000e+00
7.500000000000000000e-01,-1.000000000000000000e+00
7.500000000000000000e-01,1.000000000000000000e+00
7.500000000000000000e-01,1.000000000000000000e+00
7.500000000000000000e-01,1.000000000000000000e+00
7.500000000000000000e-01,1.000000000000000000e+00
7.500000000000000000e-01,1.000000000000000000e+00
7.500000000000000000e-01,1.000000000000000000e+00
7.500000000000000000e-01,-1.000000000000000000e+00
7.500000000000000000e-01,1.000000000000000000e+00
7.500000000000000000e-01,1.000000000000000000e+00
7.500000000000000000e-01,1.000000000000000000e+00
7.500000000000000000e-01,1.000000000000000000e+00
7.500000000000000000e-01,-1.000000000000000000e+00
7.500000000000000000e-01,1.000000000000000000e+00
7.500000000000000000e-01,1.000000000000000000e+00
7.500000000000000000e-01,1.000000000000000000e+00
7.500000000000000000e-01,-9.999998807907104492e-01
7.500000000000000000e-01,1.000000000000000000e+00
7.500000000000000000e-01,1.000000000000000000e+00
7.500000000000000000e-01,1.000000000000000000e+00
7.500000000000000000e-01,1.000000000000000000e+00
7.500000000000000000e-01,1.000000000000000000e+00
7.500000000000000000e-01,1.000000000000000000e+00
7.500000000000000000e-01,1.000000000000000000e+00
7.500000000000000000e-01,-1.000000000000000000e+00
7.500000000000000000e-01,1.000000000000000000e+00
7.500000000000000000e-01,-1.000000000000000000e+00
7.500000000000000000e-01,1.000000000000000000e+00
7.500000000000000000e-01,1.000000000000000000e+00
7.500000000000000000e-01,-1.000000000000000000e+00
7.500000000000000000e-01,-1.000000000000000000e+00
7.500000000000000000e-01,1.000000000000000000e+00
7.500000000000000000e-01,1.000000000000000000e+00
7.500000000000000000e-01,-1.000000000000000000e+00
7.500000000000000000e-01,1.000000000000000000e+00
7.500000000000000000e-01,-1.000000000000000000e+00
7.500000000000000000e-01,-1.000000000000000000e+00
7.500000000000000000e-01,-1.000000000000000000e+00
7.500000000000000000e-01,-1.000000000000000000e+00
7.500000000000000000e-01,1.000000000000000000e+00
7.500000000000000000e-01,1.000000000000000000e+00
7.500000000000000000e-01,1.000000000000000000e+00
7.500000000000000000e-01,1.000000000000000000e+00
7.500000000000000000e-01,1.000000000000000000e+00
7.500000000000000000e-01,1.000000000000000000e+00
7.500000000000000000e-01,1.000000000000000000e+00
7.500000000000000000e-01,1.000000000000000000e+00
7.500000000000000000e-01,-1.000000000000000000e+00
7.500000000000000000e-01,1.000000000000000000e+00
7.500000000000000000e-01,1.000000000000000000e+00
7.500000000000000000e-01,-1.000000000000000000e+00
7.500000000000000000e-01,1.000000000000000000e+00
7.500000000000000000e-01,1.000000000000000000e+00
7.500000000000000000e-01,-1.000000000000000000e+00
7.500000000000000000e-01,1.000000000000000000e+00
7.500000000000000000e-01,1.000000000000000000e+00
7.500000000000000000e-01,1.000000000000000000e+00
7.500000000000000000e-01,1.000000000000000000e+00
7.500000000000000000e-01,1.000000000000000000e+00
7.500000000000000000e-01,1.000000000000000000e+00
7.500000000000000000e-01,1.000000000000000000e+00
7.500000000000000000e-01,1.000000000000000000e+00
7.500000000000000000e-01,1.000000000000000000e+00
7.500000000000000000e-01,1.000000000000000000e+00
7.500000000000000000e-01,-1.000000000000000000e+00
7.500000000000000000e-01,-1.000000000000000000e+00
7.500000000000000000e-01,1.000000000000000000e+00
7.500000000000000000e-01,-1.000000000000000000e+00
7.500000000000000000e-01,1.000000000000000000e+00
7.500000000000000000e-01,-1.000000000000000000e+00
7.500000000000000000e-01,-9.984925389289855957e-01
7.500000000000000000e-01,1.000000000000000000e+00
7.500000000000000000e-01,9.999857544898986816e-01
7.500000000000000000e-01,-1.000000000000000000e+00
7.500000000000000000e-01,1.000000000000000000e+00
7.500000000000000000e-01,-1.000000000000000000e+00
7.500000000000000000e-01,1.000000000000000000e+00
7.500000000000000000e-01,1.000000000000000000e+00
7.500000000000000000e-01,9.959447383880615234e-01
7.500000000000000000e-01,-1.000000000000000000e+00
7.500000000000000000e-01,1.000000000000000000e+00
7.500000000000000000e-01,1.000000000000000000e+00
7.500000000000000000e-01,1.000000000000000000e+00
7.500000000000000000e-01,1.000000000000000000e+00
7.500000000000000000e-01,1.000000000000000000e+00
7.500000000000000000e-01,1.000000000000000000e+00
7.500000000000000000e-01,1.000000000000000000e+00
7.500000000000000000e-01,-1.000000000000000000e+00
7.500000000000000000e-01,1.000000000000000000e+00
7.500000000000000000e-01,1.000000000000000000e+00
7.500000000000000000e-01,1.000000000000000000e+00
7.500000000000000000e-01,1.000000000000000000e+00
7.500000000000000000e-01,-1.000000000000000000e+00
7.500000000000000000e-01,1.000000000000000000e+00
7.500000000000000000e-01,1.000000000000000000e+00
7.500000000000000000e-01,1.000000000000000000e+00
7.500000000000000000e-01,-1.000000000000000000e+00
7.500000000000000000e-01,1.000000000000000000e+00
7.500000000000000000e-01,1.000000000000000000e+00
7.500000000000000000e-01,-1.000000000000000000e+00
7.500000000000000000e-01,1.000000000000000000e+00
7.500000000000000000e-01,1.000000000000000000e+00
7.500000000000000000e-01,1.000000000000000000e+00
7.500000000000000000e-01,-1.000000000000000000e+00
7.500000000000000000e-01,1.000000000000000000e+00
7.500000000000000000e-01,1.000000000000000000e+00
7.500000000000000000e-01,-1.000000000000000000e+00
7.500000000000000000e-01,9.999985098838806152e-01
7.500000000000000000e-01,-1.000000000000000000e+00
7.500000000000000000e-01,1.000000000000000000e+00
7.500000000000000000e-01,1.000000000000000000e+00
7.500000000000000000e-01,1.000000000000000000e+00
7.500000000000000000e-01,1.000000000000000000e+00
7.500000000000000000e-01,1.000000000000000000e+00
7.500000000000000000e-01,1.000000000000000000e+00
7.500000000000000000e-01,1.000000000000000000e+00
7.500000000000000000e-01,1.000000000000000000e+00
7.500000000000000000e-01,1.000000000000000000e+00
7.500000000000000000e-01,1.000000000000000000e+00
7.500000000000000000e-01,1.000000000000000000e+00
7.500000000000000000e-01,1.000000000000000000e+00
7.500000000000000000e-01,1.000000000000000000e+00
7.500000000000000000e-01,1.000000000000000000e+00
7.500000000000000000e-01,1.000000000000000000e+00
7.500000000000000000e-01,1.000000000000000000e+00
7.500000000000000000e-01,1.000000000000000000e+00
7.500000000000000000e-01,1.000000000000000000e+00
7.500000000000000000e-01,1.000000000000000000e+00
7.500000000000000000e-01,1.000000000000000000e+00
7.500000000000000000e-01,-1.000000000000000000e+00
7.500000000000000000e-01,1.000000000000000000e+00
7.500000000000000000e-01,1.000000000000000000e+00
7.500000000000000000e-01,1.000000000000000000e+00
7.500000000000000000e-01,1.000000000000000000e+00
7.500000000000000000e-01,1.000000000000000000e+00
7.500000000000000000e-01,1.000000000000000000e+00
7.500000000000000000e-01,1.000000000000000000e+00
7.500000000000000000e-01,1.000000000000000000e+00
7.500000000000000000e-01,1.000000000000000000e+00
7.500000000000000000e-01,1.000000000000000000e+00
7.500000000000000000e-01,-9.999982118606567383e-01
7.500000000000000000e-01,-1.000000000000000000e+00
7.500000000000000000e-01,1.000000000000000000e+00
7.500000000000000000e-01,1.000000000000000000e+00
7.500000000000000000e-01,1.000000000000000000e+00
7.500000000000000000e-01,-1.000000000000000000e+00
7.500000000000000000e-01,1.000000000000000000e+00
7.500000000000000000e-01,1.000000000000000000e+00
7.500000000000000000e-01,-1.000000000000000000e+00
7.500000000000000000e-01,1.000000000000000000e+00
7.500000000000000000e-01,1.000000000000000000e+00
7.500000000000000000e-01,1.000000000000000000e+00
7.500000000000000000e-01,1.000000000000000000e+00
7.500000000000000000e-01,1.000000000000000000e+00
7.500000000000000000e-01,1.000000000000000000e+00
7.500000000000000000e-01,1.000000000000000000e+00
7.500000000000000000e-01,-1.000000000000000000e+00
7.500000000000000000e-01,1.000000000000000000e+00
7.500000000000000000e-01,1.000000000000000000e+00
7.500000000000000000e-01,-1.000000000000000000e+00
7.500000000000000000e-01,1.000000000000000000e+00
7.500000000000000000e-01,-1.000000000000000000e+00
7.500000000000000000e-01,-1.000000000000000000e+00
7.500000000000000000e-01,1.000000000000000000e+00
7.500000000000000000e-01,-1.000000000000000000e+00
7.500000000000000000e-01,1.000000000000000000e+00
7.500000000000000000e-01,-1.000000000000000000e+00
7.500000000000000000e-01,1.000000000000000000e+00
7.500000000000000000e-01,-1.000000000000000000e+00
7.500000000000000000e-01,1.000000000000000000e+00
7.500000000000000000e-01,-1.000000000000000000e+00
7.500000000000000000e-01,1.000000000000000000e+00
7.500000000000000000e-01,-1.000000000000000000e+00
7.500000000000000000e-01,1.000000000000000000e+00
7.500000000000000000e-01,-1.000000000000000000e+00
7.500000000000000000e-01,1.000000000000000000e+00
7.500000000000000000e-01,-1.000000000000000000e+00
7.500000000000000000e-01,1.000000000000000000e+00
7.500000000000000000e-01,3.470574617385864258e-01
7.500000000000000000e-01,1.000000000000000000e+00
7.500000000000000000e-01,-1.000000000000000000e+00
7.500000000000000000e-01,-1.000000000000000000e+00
7.500000000000000000e-01,1.000000000000000000e+00
7.500000000000000000e-01,-1.000000000000000000e+00
7.500000000000000000e-01,-8.814352750778198242e-01
7.500000000000000000e-01,-1.000000000000000000e+00
7.500000000000000000e-01,-1.000000000000000000e+00
7.500000000000000000e-01,1.000000000000000000e+00
7.500000000000000000e-01,1.000000000000000000e+00
7.500000000000000000e-01,1.000000000000000000e+00
7.500000000000000000e-01,1.000000000000000000e+00
7.500000000000000000e-01,1.000000000000000000e+00
7.500000000000000000e-01,1.000000000000000000e+00
7.500000000000000000e-01,1.000000000000000000e+00
7.500000000000000000e-01,1.000000000000000000e+00
7.500000000000000000e-01,1.000000000000000000e+00
7.500000000000000000e-01,1.000000000000000000e+00
7.500000000000000000e-01,1.000000000000000000e+00
7.500000000000000000e-01,1.000000000000000000e+00
7.500000000000000000e-01,1.000000000000000000e+00
7.500000000000000000e-01,1.000000000000000000e+00
7.500000000000000000e-01,1.000000000000000000e+00
7.500000000000000000e-01,1.000000000000000000e+00
7.500000000000000000e-01,1.000000000000000000e+00
7.500000000000000000e-01,1.000000000000000000e+00
7.500000000000000000e-01,1.000000000000000000e+00
7.500000000000000000e-01,1.000000000000000000e+00
7.500000000000000000e-01,1.000000000000000000e+00
7.500000000000000000e-01,1.000000000000000000e+00
7.500000000000000000e-01,-1.000000000000000000e+00
7.500000000000000000e-01,1.000000000000000000e+00
7.500000000000000000e-01,1.000000000000000000e+00
7.500000000000000000e-01,1.000000000000000000e+00
7.500000000000000000e-01,1.000000000000000000e+00
7.500000000000000000e-01,1.000000000000000000e+00
7.500000000000000000e-01,1.000000000000000000e+00
7.500000000000000000e-01,1.000000000000000000e+00
7.500000000000000000e-01,-1.000000000000000000e+00
7.500000000000000000e-01,1.000000000000000000e+00
7.500000000000000000e-01,1.000000000000000000e+00
7.500000000000000000e-01,1.000000000000000000e+00
7.500000000000000000e-01,8.702206611633300781e-01
7.500000000000000000e-01,-1.000000000000000000e+00
7.500000000000000000e-01,1.000000000000000000e+00
7.500000000000000000e-01,1.000000000000000000e+00
7.500000000000000000e-01,1.000000000000000000e+00
7.500000000000000000e-01,-1.000000000000000000e+00
7.500000000000000000e-01,1.000000000000000000e+00
7.500000000000000000e-01,-9.986171126365661621e-01
7.500000000000000000e-01,1.000000000000000000e+00
7.500000000000000000e-01,9.953982234001159668e-01
7.500000000000000000e-01,1.000000000000000000e+00
7.500000000000000000e-01,1.000000000000000000e+00
7.500000000000000000e-01,1.000000000000000000e+00
7.500000000000000000e-01,-1.000000000000000000e+00
7.500000000000000000e-01,1.000000000000000000e+00
7.500000000000000000e-01,-1.000000000000000000e+00
7.500000000000000000e-01,1.000000000000000000e+00
7.500000000000000000e-01,1.000000000000000000e+00
7.500000000000000000e-01,-1.000000000000000000e+00
7.500000000000000000e-01,1.000000000000000000e+00
7.500000000000000000e-01,-1.000000000000000000e+00
7.500000000000000000e-01,9.996235966682434082e-01
7.500000000000000000e-01,-1.000000000000000000e+00
7.500000000000000000e-01,1.000000000000000000e+00
7.500000000000000000e-01,-1.000000000000000000e+00
7.500000000000000000e-01,-1.000000000000000000e+00
7.500000000000000000e-01,1.000000000000000000e+00
7.500000000000000000e-01,1.000000000000000000e+00
7.500000000000000000e-01,1.000000000000000000e+00
7.500000000000000000e-01,1.000000000000000000e+00
7.500000000000000000e-01,1.000000000000000000e+00
7.500000000000000000e-01,1.000000000000000000e+00
7.500000000000000000e-01,1.000000000000000000e+00
7.500000000000000000e-01,1.000000000000000000e+00
7.500000000000000000e-01,1.000000000000000000e+00
7.500000000000000000e-01,1.000000000000000000e+00
7.500000000000000000e-01,1.000000000000000000e+00
7.500000000000000000e-01,1.000000000000000000e+00
7.500000000000000000e-01,1.000000000000000000e+00
7.500000000000000000e-01,1.000000000000000000e+00
7.500000000000000000e-01,1.000000000000000000e+00
7.500000000000000000e-01,1.000000000000000000e+00
7.500000000000000000e-01,1.000000000000000000e+00
7.500000000000000000e-01,-1.000000000000000000e+00
7.500000000000000000e-01,-1.000000000000000000e+00
7.500000000000000000e-01,1.000000000000000000e+00
7.500000000000000000e-01,1.000000000000000000e+00
7.500000000000000000e-01,1.000000000000000000e+00
7.500000000000000000e-01,1.000000000000000000e+00
7.500000000000000000e-01,1.000000000000000000e+00
7.500000000000000000e-01,1.000000000000000000e+00
7.500000000000000000e-01,1.000000000000000000e+00
7.500000000000000000e-01,1.000000000000000000e+00
7.500000000000000000e-01,-8.913974761962890625e-01
7.500000000000000000e-01,1.000000000000000000e+00
7.500000000000000000e-01,1.000000000000000000e+00
7.500000000000000000e-01,1.000000000000000000e+00
7.500000000000000000e-01,1.000000000000000000e+00
7.500000000000000000e-01,9.078458547592163086e-01
7.500000000000000000e-01,-1.000000000000000000e+00
7.500000000000000000e-01,1.000000000000000000e+00
7.500000000000000000e-01,1.000000000000000000e+00
7.500000000000000000e-01,1.000000000000000000e+00
7.500000000000000000e-01,-1.000000000000000000e+00
7.500000000000000000e-01,1.000000000000000000e+00
7.500000000000000000e-01,1.000000000000000000e+00
7.500000000000000000e-01,1.000000000000000000e+00
7.500000000000000000e-01,1.000000000000000000e+00
7.500000000000000000e-01,1.000000000000000000e+00
7.500000000000000000e-01,1.000000000000000000e+00
7.500000000000000000e-01,1.000000000000000000e+00
7.500000000000000000e-01,-1.000000000000000000e+00
7.500000000000000000e-01,1.000000000000000000e+00
7.500000000000000000e-01,-1.000000000000000000e+00
7.500000000000000000e-01,1.000000000000000000e+00
7.500000000000000000e-01,-1.000000000000000000e+00
7.500000000000000000e-01,1.000000000000000000e+00
7.500000000000000000e-01,-1.000000000000000000e+00
7.500000000000000000e-01,1.000000000000000000e+00
7.500000000000000000e-01,-1.000000000000000000e+00
7.500000000000000000e-01,1.000000000000000000e+00
7.500000000000000000e-01,-1.000000000000000000e+00
7.500000000000000000e-01,-1.000000000000000000e+00
7.500000000000000000e-01,1.000000000000000000e+00
7.500000000000000000e-01,-1.000000000000000000e+00
7.500000000000000000e-01,1.000000000000000000e+00
7.500000000000000000e-01,1.000000000000000000e+00
7.500000000000000000e-01,1.000000000000000000e+00
7.500000000000000000e-01,1.000000000000000000e+00
7.500000000000000000e-01,1.000000000000000000e+00
7.500000000000000000e-01,9.437492489814758301e-01
7.500000000000000000e-01,-1.000000000000000000e+00
7.500000000000000000e-01,-1.000000000000000000e+00
7.500000000000000000e-01,1.000000000000000000e+00
7.500000000000000000e-01,9.999999403953552246e-01
7.500000000000000000e-01,1.000000000000000000e+00
7.500000000000000000e-01,-1.000000000000000000e+00
7.500000000000000000e-01,1.000000000000000000e+00
7.500000000000000000e-01,1.000000000000000000e+00
7.500000000000000000e-01,1.000000000000000000e+00
7.500000000000000000e-01,1.000000000000000000e+00
7.500000000000000000e-01,-9.999839067459106445e-01
7.500000000000000000e-01,1.000000000000000000e+00
7.500000000000000000e-01,1.000000000000000000e+00
7.500000000000000000e-01,1.000000000000000000e+00
7.500000000000000000e-01,1.000000000000000000e+00
7.500000000000000000e-01,1.000000000000000000e+00
7.500000000000000000e-01,1.000000000000000000e+00
7.500000000000000000e-01,1.000000000000000000e+00
7.500000000000000000e-01,-1.530075371265411377e-01
7.500000000000000000e-01,1.000000000000000000e+00
7.500000000000000000e-01,-1.000000000000000000e+00
7.500000000000000000e-01,-1.000000000000000000e+00
7.500000000000000000e-01,1.000000000000000000e+00
7.500000000000000000e-01,1.000000000000000000e+00
7.500000000000000000e-01,-1.000000000000000000e+00
7.500000000000000000e-01,1.000000000000000000e+00
7.500000000000000000e-01,-1.000000000000000000e+00
7.500000000000000000e-01,1.000000000000000000e+00
7.500000000000000000e-01,-1.000000000000000000e+00
7.500000000000000000e-01,1.000000000000000000e+00
7.500000000000000000e-01,9.999988079071044922e-01
7.500000000000000000e-01,-1.000000000000000000e+00
7.500000000000000000e-01,1.000000000000000000e+00
7.500000000000000000e-01,9.798681139945983887e-01
7.500000000000000000e-01,-1.000000000000000000e+00
7.500000000000000000e-01,1.000000000000000000e+00
7.500000000000000000e-01,1.000000000000000000e+00
7.500000000000000000e-01,1.000000000000000000e+00
7.500000000000000000e-01,1.000000000000000000e+00
7.500000000000000000e-01,1.000000000000000000e+00
7.500000000000000000e-01,1.000000000000000000e+00
7.500000000000000000e-01,1.000000000000000000e+00
7.500000000000000000e-01,-1.000000000000000000e+00
7.500000000000000000e-01,1.000000000000000000e+00
7.500000000000000000e-01,1.000000000000000000e+00
7.500000000000000000e-01,1.000000000000000000e+00
7.500000000000000000e-01,1.000000000000000000e+00
7.500000000000000000e-01,-1.000000000000000000e+00
7.500000000000000000e-01,1.000000000000000000e+00
7.500000000000000000e-01,1.000000000000000000e+00
7.500000000000000000e-01,1.000000000000000000e+00
7.500000000000000000e-01,-1.000000000000000000e+00
7.500000000000000000e-01,1.000000000000000000e+00
7.500000000000000000e-01,1.000000000000000000e+00
7.500000000000000000e-01,-1.000000000000000000e+00
7.500000000000000000e-01,1.000000000000000000e+00
7.500000000000000000e-01,1.000000000000000000e+00
7.500000000000000000e-01,1.000000000000000000e+00
7.500000000000000000e-01,-1.000000000000000000e+00
7.500000000000000000e-01,1.000000000000000000e+00
7.500000000000000000e-01,-1.000000000000000000e+00
7.500000000000000000e-01,1.000000000000000000e+00
7.500000000000000000e-01,1.000000000000000000e+00
7.500000000000000000e-01,-9.999964833259582520e-01
7.500000000000000000e-01,1.000000000000000000e+00
7.500000000000000000e-01,1.000000000000000000e+00
7.500000000000000000e-01,1.000000000000000000e+00
7.500000000000000000e-01,1.000000000000000000e+00
7.500000000000000000e-01,1.000000000000000000e+00
7.500000000000000000e-01,1.000000000000000000e+00
7.500000000000000000e-01,1.000000000000000000e+00
7.500000000000000000e-01,1.000000000000000000e+00
7.500000000000000000e-01,1.000000000000000000e+00
7.500000000000000000e-01,1.000000000000000000e+00
7.500000000000000000e-01,1.000000000000000000e+00
7.500000000000000000e-01,1.000000000000000000e+00
7.500000000000000000e-01,1.000000000000000000e+00
7.500000000000000000e-01,1.000000000000000000e+00
7.500000000000000000e-01,1.000000000000000000e+00
7.500000000000000000e-01,1.000000000000000000e+00
7.500000000000000000e-01,1.000000000000000000e+00
7.500000000000000000e-01,1.000000000000000000e+00
7.500000000000000000e-01,1.000000000000000000e+00
7.500000000000000000e-01,1.000000000000000000e+00
7.500000000000000000e-01,-1.000000000000000000e+00
7.500000000000000000e-01,1.000000000000000000e+00
7.500000000000000000e-01,1.000000000000000000e+00
7.500000000000000000e-01,1.000000000000000000e+00
7.500000000000000000e-01,1.000000000000000000e+00
7.500000000000000000e-01,1.000000000000000000e+00
7.500000000000000000e-01,1.000000000000000000e+00
7.500000000000000000e-01,1.000000000000000000e+00
7.500000000000000000e-01,1.000000000000000000e+00
7.500000000000000000e-01,9.997727274894714355e-01
7.500000000000000000e-01,-1.000000000000000000e+00
7.500000000000000000e-01,1.000000000000000000e+00
7.500000000000000000e-01,1.000000000000000000e+00
7.500000000000000000e-01,-1.000000000000000000e+00
7.500000000000000000e-01,1.000000000000000000e+00
7.500000000000000000e-01,-1.000000000000000000e+00
7.500000000000000000e-01,1.000000000000000000e+00
7.500000000000000000e-01,1.000000000000000000e+00
7.500000000000000000e-01,1.000000000000000000e+00
7.500000000000000000e-01,1.000000000000000000e+00
7.500000000000000000e-01,1.000000000000000000e+00
7.500000000000000000e-01,1.000000000000000000e+00
7.500000000000000000e-01,1.000000000000000000e+00
7.500000000000000000e-01,1.000000000000000000e+00
7.500000000000000000e-01,1.000000000000000000e+00
7.500000000000000000e-01,-1.000000000000000000e+00
7.500000000000000000e-01,1.000000000000000000e+00
7.500000000000000000e-01,-1.000000000000000000e+00
7.500000000000000000e-01,1.000000000000000000e+00
7.500000000000000000e-01,-1.000000000000000000e+00
7.500000000000000000e-01,1.000000000000000000e+00
7.500000000000000000e-01,-1.000000000000000000e+00
7.500000000000000000e-01,1.000000000000000000e+00
7.500000000000000000e-01,-1.000000000000000000e+00
7.500000000000000000e-01,1.000000000000000000e+00
7.500000000000000000e-01,-1.000000000000000000e+00
7.500000000000000000e-01,1.000000000000000000e+00
7.500000000000000000e-01,-1.000000000000000000e+00
7.500000000000000000e-01,1.000000000000000000e+00
7.500000000000000000e-01,-1.000000000000000000e+00
7.500000000000000000e-01,1.000000000000000000e+00
7.500000000000000000e-01,-1.000000000000000000e+00
7.500000000000000000e-01,1.000000000000000000e+00
7.500000000000000000e-01,-1.000000000000000000e+00
7.500000000000000000e-01,1.000000000000000000e+00
7.500000000000000000e-01,-1.000000000000000000e+00
7.500000000000000000e-01,1.000000000000000000e+00
7.500000000000000000e-01,-1.000000000000000000e+00
7.500000000000000000e-01,1.000000000000000000e+00
7.500000000000000000e-01,-1.000000000000000000e+00
7.500000000000000000e-01,1.000000000000000000e+00
7.500000000000000000e-01,-1.000000000000000000e+00
7.500000000000000000e-01,1.000000000000000000e+00
7.500000000000000000e-01,-1.000000000000000000e+00
7.500000000000000000e-01,-1.000000000000000000e+00
7.500000000000000000e-01,-1.000000000000000000e+00
7.500000000000000000e-01,-1.000000000000000000e+00
7.500000000000000000e-01,-1.000000000000000000e+00
7.500000000000000000e-01,1.000000000000000000e+00
7.500000000000000000e-01,1.000000000000000000e+00
7.500000000000000000e-01,1.000000000000000000e+00
7.500000000000000000e-01,1.000000000000000000e+00
7.500000000000000000e-01,1.000000000000000000e+00
7.500000000000000000e-01,1.000000000000000000e+00
7.500000000000000000e-01,1.000000000000000000e+00
7.500000000000000000e-01,1.000000000000000000e+00
7.500000000000000000e-01,1.000000000000000000e+00
7.500000000000000000e-01,1.000000000000000000e+00
7.500000000000000000e-01,1.000000000000000000e+00
7.500000000000000000e-01,1.000000000000000000e+00
7.500000000000000000e-01,1.000000000000000000e+00
7.500000000000000000e-01,1.000000000000000000e+00
7.500000000000000000e-01,1.000000000000000000e+00
7.500000000000000000e-01,1.000000000000000000e+00
7.500000000000000000e-01,1.000000000000000000e+00
7.500000000000000000e-01,1.000000000000000000e+00
7.500000000000000000e-01,1.000000000000000000e+00
7.500000000000000000e-01,1.000000000000000000e+00
7.500000000000000000e-01,1.000000000000000000e+00
7.500000000000000000e-01,1.000000000000000000e+00
7.500000000000000000e-01,1.000000000000000000e+00
7.500000000000000000e-01,1.000000000000000000e+00
7.500000000000000000e-01,1.000000000000000000e+00
7.500000000000000000e-01,1.000000000000000000e+00
7.500000000000000000e-01,1.000000000000000000e+00
7.500000000000000000e-01,1.000000000000000000e+00
7.500000000000000000e-01,1.000000000000000000e+00
7.500000000000000000e-01,-1.000000000000000000e+00
7.500000000000000000e-01,1.000000000000000000e+00
7.500000000000000000e-01,1.000000000000000000e+00
7.500000000000000000e-01,-1.000000000000000000e+00
7.500000000000000000e-01,1.000000000000000000e+00
7.500000000000000000e-01,1.000000000000000000e+00
7.500000000000000000e-01,1.000000000000000000e+00
7.500000000000000000e-01,1.000000000000000000e+00
7.500000000000000000e-01,1.000000000000000000e+00
7.500000000000000000e-01,1.000000000000000000e+00
7.500000000000000000e-01,1.000000000000000000e+00
7.500000000000000000e-01,1.000000000000000000e+00
7.500000000000000000e-01,1.000000000000000000e+00
7.500000000000000000e-01,-1.000000000000000000e+00
7.500000000000000000e-01,1.000000000000000000e+00
7.500000000000000000e-01,-1.000000000000000000e+00
7.500000000000000000e-01,1.000000000000000000e+00
7.500000000000000000e-01,-1.000000000000000000e+00
7.500000000000000000e-01,1.000000000000000000e+00
7.500000000000000000e-01,-1.000000000000000000e+00
7.500000000000000000e-01,1.000000000000000000e+00
7.500000000000000000e-01,-1.000000000000000000e+00
7.500000000000000000e-01,1.000000000000000000e+00
7.500000000000000000e-01,1.000000000000000000e+00
7.500000000000000000e-01,-1.000000000000000000e+00
7.500000000000000000e-01,1.000000000000000000e+00
7.500000000000000000e-01,-1.000000000000000000e+00
7.500000000000000000e-01,1.000000000000000000e+00
7.500000000000000000e-01,-1.000000000000000000e+00
7.500000000000000000e-01,-1.000000000000000000e+00
7.500000000000000000e-01,1.000000000000000000e+00
7.500000000000000000e-01,1.000000000000000000e+00
7.500000000000000000e-01,-1.000000000000000000e+00
7.500000000000000000e-01,1.000000000000000000e+00
7.500000000000000000e-01,1.000000000000000000e+00
7.500000000000000000e-01,1.000000000000000000e+00
7.500000000000000000e-01,1.000000000000000000e+00
7.500000000000000000e-01,1.000000000000000000e+00
7.500000000000000000e-01,1.000000000000000000e+00
7.500000000000000000e-01,1.000000000000000000e+00
7.500000000000000000e-01,1.000000000000000000e+00
7.500000000000000000e-01,1.000000000000000000e+00
7.500000000000000000e-01,1.000000000000000000e+00
7.500000000000000000e-01,1.000000000000000000e+00
7.500000000000000000e-01,1.000000000000000000e+00
7.500000000000000000e-01,1.000000000000000000e+00
7.500000000000000000e-01,1.000000000000000000e+00
7.500000000000000000e-01,1.000000000000000000e+00
7.500000000000000000e-01,1.000000000000000000e+00
7.500000000000000000e-01,1.000000000000000000e+00
7.500000000000000000e-01,1.000000000000000000e+00
7.500000000000000000e-01,-1.000000000000000000e+00
7.500000000000000000e-01,-1.000000000000000000e+00
7.500000000000000000e-01,1.000000000000000000e+00
7.500000000000000000e-01,1.000000000000000000e+00
7.500000000000000000e-01,1.000000000000000000e+00
7.500000000000000000e-01,1.000000000000000000e+00
7.500000000000000000e-01,1.000000000000000000e+00
7.500000000000000000e-01,1.000000000000000000e+00
7.500000000000000000e-01,1.000000000000000000e+00
7.500000000000000000e-01,1.000000000000000000e+00
7.500000000000000000e-01,-1.000000000000000000e+00
7.500000000000000000e-01,1.000000000000000000e+00
7.500000000000000000e-01,1.000000000000000000e+00
7.500000000000000000e-01,9.999157786369323730e-01
7.500000000000000000e-01,-1.000000000000000000e+00
7.500000000000000000e-01,1.000000000000000000e+00
7.500000000000000000e-01,1.000000000000000000e+00
7.500000000000000000e-01,-1.000000000000000000e+00
7.500000000000000000e-01,1.000000000000000000e+00
7.500000000000000000e-01,1.000000000000000000e+00
7.500000000000000000e-01,1.000000000000000000e+00
7.500000000000000000e-01,1.000000000000000000e+00
7.500000000000000000e-01,1.000000000000000000e+00
7.500000000000000000e-01,1.000000000000000000e+00
7.500000000000000000e-01,1.000000000000000000e+00
7.500000000000000000e-01,1.000000000000000000e+00
7.500000000000000000e-01,-1.000000000000000000e+00
7.500000000000000000e-01,1.000000000000000000e+00
7.500000000000000000e-01,-1.000000000000000000e+00
7.500000000000000000e-01,1.000000000000000000e+00
7.500000000000000000e-01,9.999123811721801758e-01
7.500000000000000000e-01,-1.000000000000000000e+00
7.500000000000000000e-01,-1.000000000000000000e+00
7.500000000000000000e-01,1.000000000000000000e+00
7.500000000000000000e-01,-1.000000000000000000e+00
7.500000000000000000e-01,-1.000000000000000000e+00
7.500000000000000000e-01,-1.000000000000000000e+00
7.500000000000000000e-01,-1.000000000000000000e+00
7.500000000000000000e-01,1.000000000000000000e+00
7.500000000000000000e-01,-1.000000000000000000e+00
7.500000000000000000e-01,1.000000000000000000e+00
7.500000000000000000e-01,1.000000000000000000e+00
7.500000000000000000e-01,1.000000000000000000e+00
7.500000000000000000e-01,1.000000000000000000e+00
7.500000000000000000e-01,1.000000000000000000e+00
7.500000000000000000e-01,1.000000000000000000e+00
7.500000000000000000e-01,1.000000000000000000e+00
7.500000000000000000e-01,1.000000000000000000e+00
7.500000000000000000e-01,1.000000000000000000e+00
7.500000000000000000e-01,1.000000000000000000e+00
7.500000000000000000e-01,-1.000000000000000000e+00
7.500000000000000000e-01,1.000000000000000000e+00
7.500000000000000000e-01,1.000000000000000000e+00
7.500000000000000000e-01,1.000000000000000000e+00
7.500000000000000000e-01,1.000000000000000000e+00
7.500000000000000000e-01,-9.994331002235412598e-01
7.500000000000000000e-01,1.000000000000000000e+00
7.500000000000000000e-01,1.000000000000000000e+00
7.500000000000000000e-01,1.000000000000000000e+00
7.500000000000000000e-01,1.000000000000000000e+00
7.500000000000000000e-01,1.000000000000000000e+00
7.500000000000000000e-01,1.000000000000000000e+00
7.500000000000000000e-01,1.000000000000000000e+00
7.500000000000000000e-01,-1.000000000000000000e+00
7.500000000000000000e-01,1.000000000000000000e+00
7.500000000000000000e-01,-1.000000000000000000e+00
7.500000000000000000e-01,1.000000000000000000e+00
7.500000000000000000e-01,1.000000000000000000e+00
7.500000000000000000e-01,-1.000000000000000000e+00
7.500000000000000000e-01,-1.000000000000000000e+00
7.500000000000000000e-01,9.941118955612182617e-01
7.500000000000000000e-01,-1.000000000000000000e+00
7.500000000000000000e-01,-1.000000000000000000e+00
7.500000000000000000e-01,1.000000000000000000e+00
7.500000000000000000e-01,-9.999999403953552246e-01
7.500000000000000000e-01,1.000000000000000000e+00
7.500000000000000000e-01,1.000000000000000000e+00
7.500000000000000000e-01,-9.975024461746215820e-01
7.500000000000000000e-01,-9.999827146530151367e-01
7.500000000000000000e-01,1.000000000000000000e+00
7.500000000000000000e-01,1.000000000000000000e+00
7.500000000000000000e-01,1.000000000000000000e+00
7.500000000000000000e-01,1.000000000000000000e+00
7.500000000000000000e-01,1.000000000000000000e+00
7.500000000000000000e-01,1.000000000000000000e+00
7.500000000000000000e-01,1.000000000000000000e+00
7.500000000000000000e-01,1.000000000000000000e+00
7.500000000000000000e-01,1.000000000000000000e+00
7.500000000000000000e-01,1.000000000000000000e+00
7.500000000000000000e-01,1.000000000000000000e+00
7.500000000000000000e-01,1.000000000000000000e+00
7.500000000000000000e-01,-1.000000000000000000e+00
7.500000000000000000e-01,1.000000000000000000e+00
7.500000000000000000e-01,1.000000000000000000e+00
7.500000000000000000e-01,1.000000000000000000e+00
7.500000000000000000e-01,1.000000000000000000e+00
7.500000000000000000e-01,-1.000000000000000000e+00
7.500000000000000000e-01,1.000000000000000000e+00
7.500000000000000000e-01,1.000000000000000000e+00
7.500000000000000000e-01,1.000000000000000000e+00
7.500000000000000000e-01,-1.000000000000000000e+00
7.500000000000000000e-01,1.000000000000000000e+00
7.500000000000000000e-01,1.000000000000000000e+00
7.500000000000000000e-01,-1.000000000000000000e+00
7.500000000000000000e-01,1.000000000000000000e+00
7.500000000000000000e-01,-1.000000000000000000e+00
7.500000000000000000e-01,1.000000000000000000e+00
7.500000000000000000e-01,1.000000000000000000e+00
7.500000000000000000e-01,-1.000000000000000000e+00
7.500000000000000000e-01,1.000000000000000000e+00
7.500000000000000000e-01,1.000000000000000000e+00
7.500000000000000000e-01,1.000000000000000000e+00
7.500000000000000000e-01,1.000000000000000000e+00
7.500000000000000000e-01,1.000000000000000000e+00
7.500000000000000000e-01,1.000000000000000000e+00
7.500000000000000000e-01,1.000000000000000000e+00
7.500000000000000000e-01,1.000000000000000000e+00
7.500000000000000000e-01,1.000000000000000000e+00
7.500000000000000000e-01,1.000000000000000000e+00
7.500000000000000000e-01,1.000000000000000000e+00
7.500000000000000000e-01,1.000000000000000000e+00
7.500000000000000000e-01,1.000000000000000000e+00
7.500000000000000000e-01,1.000000000000000000e+00
7.500000000000000000e-01,1.000000000000000000e+00
7.500000000000000000e-01,-1.000000000000000000e+00
7.500000000000000000e-01,1.000000000000000000e+00
7.500000000000000000e-01,1.000000000000000000e+00
7.500000000000000000e-01,1.000000000000000000e+00
7.500000000000000000e-01,1.000000000000000000e+00
7.500000000000000000e-01,1.000000000000000000e+00
7.500000000000000000e-01,1.000000000000000000e+00
7.500000000000000000e-01,1.000000000000000000e+00
7.500000000000000000e-01,1.000000000000000000e+00
7.500000000000000000e-01,1.000000000000000000e+00
7.500000000000000000e-01,-1.000000000000000000e+00
7.500000000000000000e-01,1.000000000000000000e+00
7.500000000000000000e-01,1.000000000000000000e+00
7.500000000000000000e-01,1.000000000000000000e+00
7.500000000000000000e-01,1.000000000000000000e+00
7.500000000000000000e-01,1.000000000000000000e+00
7.500000000000000000e-01,1.000000000000000000e+00
7.500000000000000000e-01,1.000000000000000000e+00
7.500000000000000000e-01,-1.000000000000000000e+00
7.500000000000000000e-01,6.070008277893066406e-01
7.500000000000000000e-01,-1.000000000000000000e+00
7.500000000000000000e-01,1.000000000000000000e+00
7.500000000000000000e-01,1.000000000000000000e+00
7.500000000000000000e-01,-1.000000000000000000e+00
7.500000000000000000e-01,1.000000000000000000e+00
7.500000000000000000e-01,1.000000000000000000e+00
7.500000000000000000e-01,1.000000000000000000e+00
7.500000000000000000e-01,1.000000000000000000e+00
7.500000000000000000e-01,1.000000000000000000e+00
7.500000000000000000e-01,1.000000000000000000e+00
7.500000000000000000e-01,1.000000000000000000e+00
7.500000000000000000e-01,1.000000000000000000e+00
7.500000000000000000e-01,1.000000000000000000e+00
7.500000000000000000e-01,-1.000000000000000000e+00
7.500000000000000000e-01,1.000000000000000000e+00
7.500000000000000000e-01,-1.000000000000000000e+00
7.500000000000000000e-01,1.000000000000000000e+00
7.500000000000000000e-01,-1.000000000000000000e+00
7.500000000000000000e-01,-1.000000000000000000e+00
7.500000000000000000e-01,1.000000000000000000e+00
7.500000000000000000e-01,-9.984648227691650391e-01
7.500000000000000000e-01,1.000000000000000000e+00
7.500000000000000000e-01,-1.000000000000000000e+00
7.500000000000000000e-01,1.000000000000000000e+00
7.500000000000000000e-01,-1.000000000000000000e+00
7.500000000000000000e-01,1.000000000000000000e+00
7.500000000000000000e-01,-1.000000000000000000e+00
7.500000000000000000e-01,1.000000000000000000e+00
7.500000000000000000e-01,-1.000000000000000000e+00
7.500000000000000000e-01,1.000000000000000000e+00
7.500000000000000000e-01,-1.000000000000000000e+00
7.500000000000000000e-01,1.000000000000000000e+00
7.500000000000000000e-01,-1.000000000000000000e+00
7.500000000000000000e-01,1.000000000000000000e+00
7.500000000000000000e-01,-1.000000000000000000e+00
7.500000000000000000e-01,1.000000000000000000e+00
7.500000000000000000e-01,1.000000000000000000e+00
7.500000000000000000e-01,-1.000000000000000000e+00
7.500000000000000000e-01,-1.000000000000000000e+00
7.500000000000000000e-01,9.999999403953552246e-01
7.500000000000000000e-01,-1.000000000000000000e+00
7.500000000000000000e-01,-1.000000000000000000e+00
7.500000000000000000e-01,1.000000000000000000e+00
7.500000000000000000e-01,-1.000000000000000000e+00
7.500000000000000000e-01,1.000000000000000000e+00
7.500000000000000000e-01,1.000000000000000000e+00
7.500000000000000000e-01,1.000000000000000000e+00
7.500000000000000000e-01,1.000000000000000000e+00
7.500000000000000000e-01,1.000000000000000000e+00
7.500000000000000000e-01,1.000000000000000000e+00
7.500000000000000000e-01,1.000000000000000000e+00
7.500000000000000000e-01,1.000000000000000000e+00
7.500000000000000000e-01,1.000000000000000000e+00
7.500000000000000000e-01,1.000000000000000000e+00
7.500000000000000000e-01,1.000000000000000000e+00
7.500000000000000000e-01,1.000000000000000000e+00
7.500000000000000000e-01,1.000000000000000000e+00
7.500000000000000000e-01,1.000000000000000000e+00
7.500000000000000000e-01,1.000000000000000000e+00
7.500000000000000000e-01,1.000000000000000000e+00
7.500000000000000000e-01,1.000000000000000000e+00
7.500000000000000000e-01,1.000000000000000000e+00
7.500000000000000000e-01,9.999999403953552246e-01
7.500000000000000000e-01,1.000000000000000000e+00
7.500000000000000000e-01,-1.000000000000000000e+00
7.500000000000000000e-01,1.000000000000000000e+00
7.500000000000000000e-01,1.000000000000000000e+00
7.500000000000000000e-01,1.000000000000000000e+00
7.500000000000000000e-01,1.000000000000000000e+00
7.500000000000000000e-01,1.000000000000000000e+00
7.500000000000000000e-01,-1.000000000000000000e+00
7.500000000000000000e-01,1.000000000000000000e+00
7.500000000000000000e-01,1.000000000000000000e+00
7.500000000000000000e-01,1.000000000000000000e+00
7.500000000000000000e-01,-1.000000000000000000e+00
7.500000000000000000e-01,1.000000000000000000e+00
7.500000000000000000e-01,1.000000000000000000e+00
7.500000000000000000e-01,1.000000000000000000e+00
7.500000000000000000e-01,1.000000000000000000e+00
7.500000000000000000e-01,1.000000000000000000e+00
7.500000000000000000e-01,1.000000000000000000e+00
7.500000000000000000e-01,1.000000000000000000e+00
7.500000000000000000e-01,1.000000000000000000e+00
7.500000000000000000e-01,1.000000000000000000e+00
7.500000000000000000e-01,1.000000000000000000e+00
7.500000000000000000e-01,-1.000000000000000000e+00
7.500000000000000000e-01,1.000000000000000000e+00
7.500000000000000000e-01,-1.000000000000000000e+00
7.500000000000000000e-01,1.000000000000000000e+00
7.500000000000000000e-01,-1.000000000000000000e+00
7.500000000000000000e-01,1.000000000000000000e+00
7.500000000000000000e-01,-1.000000000000000000e+00
7.500000000000000000e-01,1.000000000000000000e+00
7.500000000000000000e-01,1.000000000000000000e+00
7.500000000000000000e-01,-1.000000000000000000e+00
7.500000000000000000e-01,-1.000000000000000000e+00
7.500000000000000000e-01,1.000000000000000000e+00
7.500000000000000000e-01,-9.997975826263427734e-01
7.500000000000000000e-01,1.000000000000000000e+00
7.500000000000000000e-01,-8.656112551689147949e-01
7.500000000000000000e-01,-1.000000000000000000e+00
7.500000000000000000e-01,-1.000000000000000000e+00
7.500000000000000000e-01,1.000000000000000000e+00
7.500000000000000000e-01,1.000000000000000000e+00
7.500000000000000000e-01,1.000000000000000000e+00
7.500000000000000000e-01,1.000000000000000000e+00
7.500000000000000000e-01,1.000000000000000000e+00
7.500000000000000000e-01,1.000000000000000000e+00
7.500000000000000000e-01,1.000000000000000000e+00
7.500000000000000000e-01,1.000000000000000000e+00
7.500000000000000000e-01,1.000000000000000000e+00
7.500000000000000000e-01,1.000000000000000000e+00
7.500000000000000000e-01,1.000000000000000000e+00
7.500000000000000000e-01,1.000000000000000000e+00
7.500000000000000000e-01,1.000000000000000000e+00
7.500000000000000000e-01,1.000000000000000000e+00
7.500000000000000000e-01,1.000000000000000000e+00
7.500000000000000000e-01,1.000000000000000000e+00
7.500000000000000000e-01,1.000000000000000000e+00
7.500000000000000000e-01,1.000000000000000000e+00
7.500000000000000000e-01,1.000000000000000000e+00
7.500000000000000000e-01,1.000000000000000000e+00
7.500000000000000000e-01,-1.000000000000000000e+00
7.500000000000000000e-01,1.000000000000000000e+00
7.500000000000000000e-01,1.000000000000000000e+00
7.500000000000000000e-01,1.000000000000000000e+00
7.500000000000000000e-01,1.000000000000000000e+00
7.500000000000000000e-01,1.000000000000000000e+00
7.500000000000000000e-01,1.000000000000000000e+00
7.500000000000000000e-01,1.000000000000000000e+00
7.500000000000000000e-01,-1.000000000000000000e+00
7.500000000000000000e-01,1.000000000000000000e+00
7.500000000000000000e-01,1.000000000000000000e+00
7.500000000000000000e-01,1.000000000000000000e+00
7.500000000000000000e-01,1.000000000000000000e+00
7.500000000000000000e-01,-1.000000000000000000e+00
7.500000000000000000e-01,1.000000000000000000e+00
7.500000000000000000e-01,1.000000000000000000e+00
7.500000000000000000e-01,1.000000000000000000e+00
7.500000000000000000e-01,1.000000000000000000e+00
7.500000000000000000e-01,1.000000000000000000e+00
7.500000000000000000e-01,1.000000000000000000e+00
7.500000000000000000e-01,1.000000000000000000e+00
7.500000000000000000e-01,1.000000000000000000e+00
7.500000000000000000e-01,1.000000000000000000e+00
7.500000000000000000e-01,-1.000000000000000000e+00
7.500000000000000000e-01,1.000000000000000000e+00
7.500000000000000000e-01,-1.000000000000000000e+00
7.500000000000000000e-01,1.000000000000000000e+00
7.500000000000000000e-01,-1.000000000000000000e+00
7.500000000000000000e-01,1.000000000000000000e+00
7.500000000000000000e-01,-1.000000000000000000e+00
7.500000000000000000e-01,1.000000000000000000e+00
7.500000000000000000e-01,-1.000000000000000000e+00
7.500000000000000000e-01,1.000000000000000000e+00
7.500000000000000000e-01,5.900394916534423828e-01
7.500000000000000000e-01,-1.000000000000000000e+00
7.500000000000000000e-01,-1.000000000000000000e+00
7.500000000000000000e-01,-1.000000000000000000e+00
7.500000000000000000e-01,-1.000000000000000000e+00
7.500000000000000000e-01,-1.000000000000000000e+00
7.500000000000000000e-01,1.000000000000000000e+00
7.500000000000000000e-01,1.000000000000000000e+00
7.500000000000000000e-01,1.000000000000000000e+00
7.500000000000000000e-01,1.000000000000000000e+00
7.500000000000000000e-01,1.000000000000000000e+00
7.500000000000000000e-01,1.000000000000000000e+00
7.500000000000000000e-01,1.000000000000000000e+00
7.500000000000000000e-01,1.000000000000000000e+00
7.500000000000000000e-01,1.000000000000000000e+00
7.500000000000000000e-01,-1.000000000000000000e+00
7.500000000000000000e-01,-7.456862926483154297e-01
7.500000000000000000e-01,-1.000000000000000000e+00
7.500000000000000000e-01,1.000000000000000000e+00
7.500000000000000000e-01,-9.999921917915344238e-01
7.500000000000000000e-01,1.000000000000000000e+00
7.500000000000000000e-01,1.000000000000000000e+00
7.500000000000000000e-01,1.000000000000000000e+00
7.500000000000000000e-01,1.000000000000000000e+00
7.500000000000000000e-01,1.000000000000000000e+00
7.500000000000000000e-01,1.000000000000000000e+00
7.500000000000000000e-01,1.000000000000000000e+00
7.500000000000000000e-01,1.000000000000000000e+00
7.500000000000000000e-01,1.000000000000000000e+00
7.500000000000000000e-01,1.000000000000000000e+00
7.500000000000000000e-01,1.000000000000000000e+00
7.500000000000000000e-01,1.000000000000000000e+00
7.500000000000000000e-01,1.000000000000000000e+00
7.500000000000000000e-01,-1.000000000000000000e+00
7.500000000000000000e-01,-1.000000000000000000e+00
7.500000000000000000e-01,-9.990263581275939941e-01
7.500000000000000000e-01,1.000000000000000000e+00
7.500000000000000000e-01,1.000000000000000000e+00
7.500000000000000000e-01,1.000000000000000000e+00
7.500000000000000000e-01,1.000000000000000000e+00
7.500000000000000000e-01,1.000000000000000000e+00
7.500000000000000000e-01,-1.000000000000000000e+00
7.500000000000000000e-01,-1.000000000000000000e+00
7.500000000000000000e-01,1.000000000000000000e+00
